idx1	idx2	t_1	t_2	t_3	q_1	q_2	q_3	q_4
0.0000000000	5.0000000000	11.2251370000	0.0322080000	0.1279060000	0.0054476176	0.0026738077	0.0025510551	0.9999783329
0.0000000000	9.0000000000	19.3137500000	0.1559710000	0.2071380000	0.0050987531	0.0008235409	0.0085456743	0.9999501467
1.0000000000	4.0000000000	7.5060397504	0.0346435610	0.0446229190	0.0047090276	0.0038712988	0.0030933899	0.9999766342
1.0000000000	11.0000000000	20.9196866926	0.2869203146	0.1152485517	0.0049504823	0.0036955497	0.0125288754	0.9999024267
2.0000000000	7.0000000000	10.9945400301	0.0910702091	0.1588099884	0.0024845450	-0.0020579963	0.0057038249	0.9999785288
2.0000000000	11.0000000000	18.0579972360	0.2473886379	0.2705405533	0.0013062105	-0.0010426218	0.0114298562	0.9999332803
3.0000000000	7.0000000000	9.1271404531	0.0731407016	0.0771416518	0.0013840196	0.0006939555	0.0048345277	0.9999871150
3.0000000000	12.0000000000	18.7485637321	0.2839676703	0.1628786496	0.0007777758	0.0047799588	0.0118951411	0.9999175229
4.0000000000	9.0000000000	9.9312409575	0.0985993796	0.1226240230	0.0002683766	-0.0005291524	0.0066024556	0.9999780275
4.0000000000	13.0000000000	18.3974816508	0.3069204312	0.2218392145	-0.0005627619	0.0005304577	0.0117388703	0.9999307980
5.0000000000	9.0000000000	8.0886031160	0.0835869193	0.1213604996	-0.0003694526	-0.0018166048	0.0060037066	0.9999802593
5.0000000000	13.0000000000	16.5548042695	0.2818988898	0.2421922460	-0.0012065607	-0.0007532047	0.0111384030	0.9999369544
6.0000000000	11.0000000000	9.7563706528	0.1228152773	0.1457093193	-0.0007194047	-0.0008674484	0.0079253127	0.9999679592
6.0000000000	14.0000000000	16.3193819678	0.2908273251	0.2278664852	-0.0017797492	-0.0005024257	0.0112687588	0.9999347954
7.0000000000	10.0000000000	5.3318351743	0.0494016590	0.0628099445	-0.0010347209	0.0009865436	0.0044075751	0.9999892646
7.0000000000	14.0000000000	13.6291315659	0.2153962258	0.1391728354	-0.0022137952	0.0014050185	0.0090714209	0.9999554162
8.0000000000	13.0000000000	10.2582459811	0.1291584560	0.0932595671	-0.0008037118	0.0020301287	0.0064973450	0.9999765083
8.0000000000	16.0000000000	15.6409116689	0.2599124580	0.1455732093	-0.0016364676	0.0037604884	0.0123483544	0.9999153458
9.0000000000	14.0000000000	10.0480285741	0.1269449305	0.1118566183	-0.0011137749	0.0007667263	0.0061799647	0.9999799896
9.0000000000	17.0000000000	15.2976293948	0.2655490608	0.1680886891	-0.0033643843	0.0026926077	0.0128713360	0.9999078755
10.0000000000	15.0000000000	9.8447336102	0.1200392040	0.1153648458	-0.0015321301	0.0000193745	0.0064562231	0.9999779845
10.0000000000	17.0000000000	13.5482237508	0.2153634469	0.1528963259	-0.0034318784	0.0023486414	0.0113537710	0.9999268963
11.0000000000	15.0000000000	8.1115134304	0.0871412913	0.0934510273	-0.0014054343	-0.0000282840	0.0051377368	0.9999858137
11.0000000000	18.0000000000	13.9074605103	0.2374512823	0.1457091497	-0.0050293159	0.0033993509	0.0121631965	0.9999075993
12.0000000000	16.0000000000	7.8101752630	0.0948320201	0.1407135966	-0.0022015221	-0.0006470762	0.0068126571	0.9999741608
12.0000000000	20.0000000000	14.6234750219	0.2863529979	0.2438722522	-0.0103779333	-0.0021553011	0.0069805661	0.9999194592
13.0000000000	17.0000000000	6.8304740001	0.0986840009	0.0926991816	-0.0025429134	0.0016329502	0.0077334827	0.9999655296
13.0000000000	22.0000000000	15.2277356827	0.2918649532	0.1658364892	-0.0194104291	0.0051115939	-0.0051539009	0.9997852490
14.0000000000	18.0000000000	7.3434199054	0.1243065686	0.0805407705	-0.0039679818	0.0030323774	0.0088203667	0.9999486292
14.0000000000	23.0000000000	14.7359049415	0.2401553185	0.1391147555	-0.0232968508	0.0062043430	-0.0131964302	0.9996222372
15.0000000000	18.0000000000	5.7971850690	0.0905974725	0.0522691347	-0.0036061304	0.0034363277	0.0070306823	0.9999628778
15.0000000000	25.0000000000	16.6509033579	-0.0011186301	0.1309063740	-0.0320322323	0.0058850727	-0.0465072871	0.9983868861
16.0000000000	22.0000000000	9.8457258026	0.1157730081	0.1258880869	-0.0185379975	0.0034985762	-0.0110328546	0.9997611608
16.0000000000	27.0000000000	16.6012680927	-0.4415617624	0.2172801983	-0.0362599750	-0.0010460785	-0.0970566474	0.9946175783
17.0000000000	23.0000000000	9.4860958174	0.0392004913	0.1117154457	-0.0209861793	0.0044580724	-0.0199167546	0.9995714225
17.0000000000	28.0000000000	16.1200309523	-0.8005602822	0.2122217348	-0.0337675795	-0.0013507541	-0.1364612602	0.9900688110
18.0000000000	24.0000000000	9.2898367932	-0.1064925713	0.1328442945	-0.0260992975	0.0012786955	-0.0372645899	0.9989637340
18.0000000000	30.0000000000	16.1156088823	-1.9207436919	0.2944427908	-0.0326360869	-0.0052927049	-0.2675416293	0.9629788937
19.0000000000	25.0000000000	8.8563571466	-0.2423691248	0.0830882707	-0.0243856943	0.0050132774	-0.0522025693	0.9983261475
19.0000000000	32.0000000000	15.7191691625	-3.4543353633	0.2661537908	-0.0348807004	-0.0049310218	-0.4150168562	0.9091314706
20.0000000000	26.0000000000	8.7463671745	-0.3485508245	0.0719217281	-0.0271089576	0.0056613156	-0.0684460005	0.9972703740
20.0000000000	33.0000000000	15.2582642717	-4.7525374167	0.3011861776	-0.0319460128	-0.0049269807	-0.5104443928	0.8593030310
21.0000000000	28.0000000000	8.8994533053	-0.7419668767	0.1392599707	-0.0204265013	-0.0021342532	-0.1292208652	0.9914031324
21.0000000000	35.0000000000	14.2800756791	-7.8635318155	0.4361559662	-0.0126921151	-0.0063522108	-0.6511325069	0.7588313502
22.0000000000	29.0000000000	8.9510686820	-1.1122053230	0.1689496087	-0.0206720481	-0.0024204219	-0.1864917248	0.9822360432
22.0000000000	34.0000000000	13.0686506026	-6.7039596113	0.3633354259	-0.0176664073	-0.0005872635	-0.6120113230	0.7906514363
23.0000000000	29.0000000000	7.8783960411	-1.0069951910	0.1559146262	-0.0164097831	-0.0026557294	-0.1796233979	0.9835949883
23.0000000000	34.0000000000	12.0737214068	-6.5418858778	0.3114013254	-0.0138380974	0.0011350121	-0.6064622616	0.7949910339
24.0000000000	31.0000000000	7.9093604202	-2.0115928105	0.1076309233	-0.0110677698	-0.0022433531	-0.3133114792	0.9495832712
24.0000000000	37.0000000000	10.7415053869	-9.3964116009	0.1480749301	0.0058099784	-0.0033313211	-0.6782308050	0.7348184276
25.0000000000	32.0000000000	7.1592689356	-2.4860156083	0.1142971258	-0.0103145070	-0.0011810079	-0.3671582618	0.9301005467
25.0000000000	37.0000000000	9.4754174205	-9.0694903111	0.1245230314	0.0087692671	-0.0031603352	-0.6661386324	0.7457696928
26.0000000000	34.0000000000	8.0393462078	-5.5862096864	0.0793362764	-0.0039336818	0.0076677163	-0.5655642859	0.8246591846
26.0000000000	38.0000000000	8.8129989017	-10.4650343970	0.0257944297	0.0140125028	-0.0028802502	-0.6708103788	0.7414909234
27.0000000000	34.0000000000	7.2914886044	-5.1196403213	-0.0001030649	-0.0056541141	0.0110510169	-0.5414320846	0.8406528438
27.0000000000	38.0000000000	8.3457207227	-9.9454417168	-0.0676831631	0.0121349025	0.0007945321	-0.6491155900	0.7605925741
28.0000000000	34.0000000000	6.6496985507	-4.5450740077	0.0074395988	-0.0062312157	0.0098340015	-0.5092882476	0.8605172545
28.0000000000	37.0000000000	7.6551542983	-7.5787102889	-0.0255624535	0.0097129910	0.0019214590	-0.6000172887	0.7999257585
29.0000000000	34.0000000000	5.8815662586	-3.6968201873	-0.0257347730	-0.0023798591	0.0106938648	-0.4536589061	0.8911080599
29.0000000000	39.0000000000	8.2971212133	-9.3662024429	-0.1507754617	0.0169474213	0.0005750913	-0.5776298147	0.8161226938
30.0000000000	35.0000000000	5.8918014225	-3.6764866135	-0.0153032039	0.0030475654	0.0073016228	-0.4328344262	0.9014387157
30.0000000000	42.0000000000	10.5001943784	-12.3017496766	-0.1848981728	0.0213611612	0.0044818351	-0.5288246840	0.8484503919
31.0000000000	37.0000000000	6.6703655489	-4.2486049477	-0.1175966509	0.0131721437	0.0078120172	-0.4138594641	0.9102119594
31.0000000000	43.0000000000	12.0604897333	-11.4855571073	-0.3498177266	0.0200572525	0.0031742358	-0.4537447812	0.8909002775
32.0000000000	37.0000000000	6.1880602916	-3.2253330102	-0.1093489603	0.0162221182	0.0080320578	-0.3458032412	0.9381324252
32.0000000000	43.0000000000	12.5815865890	-9.5926114699	-0.3571979927	0.0234576344	0.0040756919	-0.3869985486	0.9217728850
33.0000000000	39.0000000000	7.7071792653	-3.3744138519	-0.1327996720	0.0204334297	0.0040388264	-0.2750505344	0.9612041232
33.0000000000	47.0000000000	18.4257536951	-10.1577680607	-0.3970693161	0.0264202883	0.0060137004	-0.2702993210	0.9623949713
34.0000000000	39.0000000000	6.0069264621	-1.3810854115	-0.0427995103	0.0229605054	0.0008480105	-0.1443065293	0.9892662542
34.0000000000	47.0000000000	18.1394952338	-5.0899336708	-0.1720620785	0.0286012036	0.0035883884	-0.1393969093	0.9898169509
35.0000000000	40.0000000000	6.3058987511	-1.0711776167	-0.0054983680	0.0161309772	-0.0024498230	-0.1053558598	0.9943007255
35.0000000000	49.0000000000	20.4003409184	-3.9198913616	-0.0007495469	0.0195697470	-0.0016866884	-0.0882116069	0.9959080743
36.0000000000	42.0000000000	8.6737587441	-1.0804922677	-0.0243446851	0.0145216010	0.0071709637	-0.0731227227	0.9971914399
36.0000000000	52.0000000000	24.7604422324	-2.8910495813	-0.0053725237	0.0238781625	0.0011471116	-0.0405378728	0.9988919853
37.0000000000	43.0000000000	8.9996890333	-0.6973977424	0.0061051185	0.0087522769	-0.0017464097	-0.0441815797	0.9989836514
37.0000000000	52.0000000000	23.7654519812	-1.4974116278	0.0871137471	0.0183286845	0.0001144000	-0.0129158365	0.9997485821
38.0000000000	43.0000000000	7.2754549676	-0.2510316163	0.0068859940	0.0057153504	-0.0015698060	-0.0191014014	0.9997999835
38.0000000000	52.0000000000	22.0627584903	-0.3089065614	0.0878006888	0.0152425534	0.0006269190	0.0121669365	0.9998096005
39.0000000000	48.0000000000	14.1545206836	-0.0696459114	0.0003945012	0.0078575740	0.0009933700	0.0077820312	0.9999383540
39.0000000000	55.0000000000	26.1279602922	0.5009191295	0.0411580817	0.0087261868	-0.0009443736	0.0329368440	0.9994188942
40.0000000000	48.0000000000	12.8890684588	0.1048989880	-0.0191867927	0.0059467529	0.0016090575	0.0135719078	0.9998889190
40.0000000000	55.0000000000	24.8551261904	0.8143712469	0.0058347479	0.0068415465	-0.0002758687	0.0387264664	0.9992263897
41.0000000000	49.0000000000	13.0457306241	0.2368832016	0.1093454455	0.0054146050	-0.0033097213	0.0201707857	0.9997764086
41.0000000000	55.0000000000	23.5176613434	0.9448809477	0.2381430658	0.0088039880	-0.0050201149	0.0417125831	0.9990782495
42.0000000000	50.0000000000	12.4680630262	0.3378604994	0.2037046579	0.0062101357	-0.0053170906	0.0247938014	0.9996591570
42.0000000000	55.0000000000	21.4574985438	1.0089463077	0.3677632724	0.0049216028	-0.0082570811	0.0429059422	0.9990328716
43.0000000000	51.0000000000	13.2888107022	0.4166858138	0.0269499815	0.0086892473	0.0022151600	0.0278854530	0.9995709037
43.0000000000	58.0000000000	24.7214431145	1.4333078812	0.0974306845	-0.0005160979	-0.0038064252	0.0518043801	0.9986498641
44.0000000000	54.0000000000	16.3422929379	0.6558357604	0.0977575175	0.0065339111	0.0003678479	0.0344683732	0.9993843625
44.0000000000	58.0000000000	23.2600516894	1.3207237423	0.1752643804	-0.0011454505	-0.0052687688	0.0496346554	0.9987528869
45.0000000000	50.0000000000	8.1214624828	0.1872140882	0.1291876194	0.0064303974	-0.0035119069	0.0185103888	0.9998018214
45.0000000000	58.0000000000	21.7820982769	1.1922083194	0.3582489900	-0.0004437404	-0.0093976728	0.0469987171	0.9988506432
46.0000000000	53.0000000000	11.8918031305	0.3862969508	0.0431489893	0.0043667904	0.0013575869	0.0263498787	0.9996423220
46.0000000000	59.0000000000	21.9286377754	1.2315479125	0.1282068620	-0.0047008999	-0.0026838218	0.0484808152	0.9988094459
47.0000000000	55.0000000000	13.4452166185	0.4626821526	0.1532683457	0.0034365989	-0.0044517890	0.0280970054	0.9995893805
47.0000000000	61.0000000000	22.8993377880	1.3372003338	0.3373500340	-0.0068903617	-0.0159848775	0.0558868530	0.9982853631
48.0000000000	57.0000000000	15.0800486310	0.5986525650	0.0869869738	-0.0028303490	-0.0035622047	0.0318694299	0.9994816853
48.0000000000	61.0000000000	21.4406962651	1.2049068703	0.1866478672	-0.0094511350	-0.0131782821	0.0530247931	0.9984615066
49.0000000000	58.0000000000	15.1676009227	0.5923390908	0.1058615591	-0.0021645347	-0.0045116521	0.0319575668	0.9994766999
49.0000000000	61.0000000000	19.9582286043	1.0368208242	0.1848433430	-0.0068947689	-0.0131313744	0.0493764557	0.9986701131
50.0000000000	58.0000000000	13.6897540642	0.5008910406	0.1233079533	-0.0068755607	-0.0055775028	0.0285622805	0.9995528071
50.0000000000	61.0000000000	18.4831076238	0.9134132769	0.2100155530	-0.0116526911	-0.0140987837	0.0460179966	0.9987731389
51.0000000000	59.0000000000	13.0653585513	0.4769931826	0.1378875773	-0.0089757879	-0.0041633785	0.0284975196	0.9995448929
51.0000000000	61.0000000000	16.2681269116	0.7479579750	0.1946059705	-0.0142300605	-0.0140076528	0.0414463861	0.9989411835
52.0000000000	59.0000000000	11.5753465644	0.3918041917	0.1344753714	-0.0098450038	-0.0044565478	0.0251495076	0.9996252885
52.0000000000	61.0000000000	14.7798175605	0.6414035890	0.1929785754	-0.0151362071	-0.0142719974	0.0381068153	0.9990570934
53.0000000000	61.0000000000	13.2731774127	0.5464327647	0.1613540512	-0.0145087930	-0.0135115084	0.0351068568	0.9991868908
53.0000000000	62.0000000000	14.9104149970	0.6979845374	0.2095534734	-0.0158259447	-0.0115576881	0.0428113927	0.9988909570
54.0000000000	61.0000000000	11.7498052711	0.4721748071	0.1612766403	-0.0127568798	-0.0137097873	0.0326860785	0.9992902101
54.0000000000	63.0000000000	15.0283103907	0.7755790862	0.2564399626	-0.0146420454	-0.0071108806	0.0479921548	0.9987150740
55.0000000000	61.0000000000	9.4895906931	0.3430016226	0.0955257469	-0.0105185579	-0.0111484957	0.0279006870	0.9994931829
55.0000000000	63.0000000000	12.7712995019	0.6145906824	0.1750780152	-0.0123339540	-0.0045761505	0.0432287639	0.9989785816
56.0000000000	61.0000000000	7.9520690186	0.2636971779	0.0567518168	-0.0077157306	-0.0092176931	0.0243948422	0.9996301283
56.0000000000	63.0000000000	11.2358865057	0.5119144272	0.1248001094	-0.0094793158	-0.0026828299	0.0397464382	0.9991612311
57.0000000000	61.0000000000	6.3868892784	0.1993426568	0.0565071419	-0.0068513386	-0.0094636064	0.0211732734	0.9997075531
57.0000000000	65.0000000000	13.6998197128	0.8335544577	0.1574738978	-0.0091996115	-0.0038991261	0.0527599680	0.9985572341
58.0000000000	61.0000000000	4.8097505297	0.1372619709	0.0369045935	-0.0049263790	-0.0085053909	0.0174382330	0.9997996285
58.0000000000	66.0000000000	13.6901015927	0.9024506721	0.1480594208	-0.0087705742	-0.0040629076	0.0544190172	0.9984714019
59.0000000000	62.0000000000	4.8559998637	0.1653172992	0.0713719634	-0.0067315989	-0.0078983324	0.0206253649	0.9997334126
59.0000000000	67.0000000000	13.6482963604	0.9404809652	0.1895851874	-0.0071952764	-0.0009980265	0.0545761781	0.9984831860
60.0000000000	63.0000000000	4.9061709292	0.1718896439	0.0398934936	-0.0041563215	0.0027026457	0.0227220943	0.9997295270
60.0000000000	69.0000000000	15.0394399104	1.1165750950	0.0290876319	-0.0078013638	0.0098916983	0.0553731820	0.9983862498
61.0000000000	65.0000000000	7.3338771724	0.3235208460	-0.0311219529	-0.0019387331	0.0053852745	0.0316621640	0.9994822397
61.0000000000	73.0000000000	19.5765847607	1.5799407030	-0.1195216152	-0.0080156334	0.0098820489	0.0525574251	0.9985368355
62.0000000000	68.0000000000	10.3355894541	0.5337337847	-0.0242105887	-0.0022098231	0.0123191580	0.0373368926	0.9992243549
62.0000000000	74.0000000000	19.2153584601	1.3875899564	-0.0629059661	-0.0081383705	0.0064251980	0.0428194870	0.9990290162
63.0000000000	69.0000000000	10.1656177554	0.4831638364	0.0500036210	-0.0035745275	0.0071378524	0.0326928044	0.9994335668
63.0000000000	75.0000000000	18.8164741661	1.1825818540	0.1036297412	-0.0065152051	-0.0005897455	0.0329794989	0.9994346186
64.0000000000	70.0000000000	10.6475808368	0.4698379959	0.1635808884	-0.0062645198	-0.0048969920	0.0281996058	0.9995706866
64.0000000000	75.0000000000	17.1798564871	0.8996330181	0.2848663370	-0.0061774373	-0.0059505132	0.0256190096	0.9996349819
65.0000000000	71.0000000000	9.6423610975	0.3501945737	0.0285521486	-0.0065024375	0.0008259786	0.0210841186	0.9997562183
65.0000000000	75.0000000000	14.7969070248	0.5906661309	0.0610610990	-0.0058937525	0.0005772355	0.0167539671	0.9998421051
66.0000000000	71.0000000000	8.0718333401	0.2317329066	-0.0014730875	-0.0048948371	0.0018582853	0.0157113498	0.9998628610
66.0000000000	75.0000000000	13.2287260763	0.4166235546	0.0210756787	-0.0042918294	0.0016132080	0.0113797862	0.9999247363
67.0000000000	73.0000000000	9.1733313813	0.2320178948	0.0799211764	-0.0068527088	0.0015679591	0.0107544951	0.9999174580
67.0000000000	76.0000000000	12.8839154568	0.3161882580	0.1195128675	-0.0072570447	-0.0003747125	0.0044448260	0.9999637185
68.0000000000	73.0000000000	7.6504306957	0.1618507813	0.1591705154	-0.0049320402	-0.0041503876	0.0074092245	0.9999517752
68.0000000000	77.0000000000	13.0984897360	0.2267085278	0.2831849709	-0.0016174174	-0.0048337164	-0.0021163821	0.9999847699
69.0000000000	73.0000000000	6.1756349233	0.1027553386	0.1248044458	-0.0033129578	-0.0035630807	0.0043853140	0.9999785487
69.0000000000	78.0000000000	12.7352604705	0.1118240127	0.2604692117	0.0016628958	-0.0065002210	-0.0073232155	0.9999506750
70.0000000000	74.0000000000	5.3125404408	0.0567406414	0.0433803546	-0.0013385835	0.0015027405	-0.0004348286	0.9999978804
70.0000000000	79.0000000000	11.7178077927	-0.0080582912	0.0934239524	0.0051797775	-0.0005085680	-0.0113257933	0.9999223158
71.0000000000	75.0000000000	5.1600266992	0.0224593870	0.0427380178	0.0006074302	-0.0002334303	-0.0043320143	0.9999904050
71.0000000000	84.0000000000	16.0643443939	-0.0842705517	0.0793822613	0.0105208833	0.0027516601	0.0140726171	0.9998418379
72.0000000000	77.0000000000	6.7611164978	-0.0231315917	0.0860915035	0.0034381323	0.0003306567	-0.0102601337	0.9999413981
72.0000000000	84.0000000000	14.7168629283	-0.1138263151	0.1490729195	0.0101207728	-0.0000722866	0.0135553014	0.9998568990
73.0000000000	78.0000000000	6.5602501820	-0.0492125994	0.0887856351	0.0049210570	-0.0029202047	-0.0117356172	0.9999147618
73.0000000000	87.0000000000	17.8693923063	0.2986760451	0.2018239245	0.0022889516	-0.0058105198	0.0511816762	0.9986698326
74.0000000000	79.0000000000	6.4051458259	-0.0593871905	0.0691294187	0.0065354861	-0.0019937768	-0.0108838706	0.9999174234
74.0000000000	87.0000000000	16.6016718577	0.3573072019	0.1390978880	0.0036756264	-0.0043665083	0.0531795594	0.9985686545
75.0000000000	82.0000000000	8.5423315245	-0.0925503898	0.0336836827	0.0117995489	0.0018316185	0.0008171574	0.9999283715
75.0000000000	87.0000000000	15.3660339442	0.4197969347	0.0393897008	0.0024339715	-0.0017500725	0.0553276872	0.9984637500
76.0000000000	81.0000000000	6.1928871834	-0.0745250284	0.0541421899	0.0118923814	-0.0004201090	-0.0030552047	0.9999245274
76.0000000000	88.0000000000	15.5467621969	0.6624190234	0.1030879741	0.0049255834	0.0013625838	0.0688623311	0.9976130820
77.0000000000	82.0000000000	5.5944042236	-0.0328320641	0.0548698287	0.0086393728	-0.0015055829	0.0062457488	0.9999420409
77.0000000000	88.0000000000	13.8038718327	0.7508493376	0.1120650510	0.0011721999	0.0003754300	0.0720804558	0.9973980614
78.0000000000	84.0000000000	6.8442284534	0.1141655185	0.0287274734	0.0050622545	0.0020520747	0.0259883539	0.9996473218
78.0000000000	89.0000000000	14.1261068523	1.0643337660	0.0331297572	0.0014557417	0.0063297712	0.0856460529	0.9963044557
79.0000000000	85.0000000000	6.9583591263	0.2410036018	0.0114892367	0.0013998439	0.0003064595	0.0371679686	0.9993080049
79.0000000000	90.0000000000	14.4712717209	1.3657951150	-0.0074001839	0.0069000462	0.0087386073	0.0958968580	0.9953290002
80.0000000000	84.0000000000	4.6271644923	0.1373817181	0.0161600779	-0.0008620167	0.0019862670	0.0262522300	0.9996530058
80.0000000000	89.0000000000	11.9085238406	1.0915635305	0.0125067757	-0.0044630371	0.0066168051	0.0858818443	0.9962733601
81.0000000000	87.0000000000	7.9572514299	0.5978182035	0.0221980484	-0.0089995881	-0.0028126349	0.0605802465	0.9981187957
81.0000000000	92.0000000000	16.0633211208	2.0719567618	-0.0602416882	0.0134734549	0.0061088453	0.1113145408	0.9936751084
82.0000000000	87.0000000000	6.8244859939	0.5014832471	0.0187441623	-0.0094504025	-0.0029278988	0.0545329246	0.9984629575
82.0000000000	90.0000000000	11.1237296834	1.1457039436	-0.0082300182	0.0002217097	0.0079215239	0.0863298694	0.9962350897
83.0000000000	87.0000000000	5.6645448481	0.3884364744	0.0307076227	-0.0092223800	-0.0036151433	0.0465166682	0.9988683988
83.0000000000	92.0000000000	13.8090370413	1.6337920159	-0.0368179521	0.0133269266	0.0049997717	0.0973284201	0.9951505283
84.0000000000	87.0000000000	4.4739498583	0.2679277581	0.0279950704	-0.0076565304	-0.0042809489	0.0369686528	0.9992779242
84.0000000000	92.0000000000	12.6408141287	1.3577894333	-0.0246444887	0.0149333813	0.0040378669	0.0878428847	0.9960142154
85.0000000000	89.0000000000	6.1003894062	0.4029009771	-0.0000051127	0.0000078543	0.0067358352	0.0496879182	0.9987420784
85.0000000000	92.0000000000	11.4343272229	1.0834087374	-0.0700473947	0.0185885386	0.0058072862	0.0778130916	0.9967777407
86.0000000000	90.0000000000	6.3101732890	0.3814902442	-0.0417430667	0.0077061768	0.0097899802	0.0476325295	0.9987872212
86.0000000000	95.0000000000	14.6981302464	1.5627118722	-0.1013556716	0.0108619081	0.0012003980	0.0811203930	0.9966443999
87.0000000000	92.0000000000	8.2244219776	0.4847151786	-0.1107964531	0.0230739277	0.0070742030	0.0509251456	0.9984108268
87.0000000000	97.0000000000	16.3067495823	1.6271503579	-0.0884503068	0.0121510317	0.0052221924	0.0757388921	0.9970399698
88.0000000000	93.0000000000	8.3803918363	0.4569551239	-0.0335569461	0.0167831321	0.0011269905	0.0452372155	0.9988346463
88.0000000000	97.0000000000	14.9337962292	1.2603977457	0.0645576063	0.0093880440	0.0000955921	0.0644440768	0.9978771550
89.0000000000	95.0000000000	9.9379154666	0.5458213446	0.0804181230	0.0083473186	-0.0073400193	0.0427784020	0.9990227498
89.0000000000	98.0000000000	14.8492711152	1.0707619196	0.1829084665	0.0089281595	-0.0033772273	0.0556908458	0.9984024299
90.0000000000	94.0000000000	6.9786120928	0.2599701210	0.0580989006	0.0052848449	-0.0056691971	0.0294574335	0.9995359875
90.0000000000	99.0000000000	14.7026156201	0.9487997783	0.2301492256	0.0033155093	-0.0039926572	0.0484837364	0.9988104892
91.0000000000	96.0000000000	9.0879711464	0.4260819332	0.2119487138	-0.0051085286	-0.0089972263	0.0325674753	0.9994159857
91.0000000000	100.0000000000	15.0499404105	0.9275362115	0.3866859897	-0.0027159844	-0.0096940454	0.0449923715	0.9989366023
92.0000000000	97.0000000000	8.1558775412	0.3170926871	0.1036714212	-0.0111437539	-0.0007105768	0.0248095726	0.9996298300
92.0000000000	103.0000000000	16.3123805959	0.8812031559	0.2124001884	-0.0015691620	-0.0015457644	0.0441139101	0.9990240794
93.0000000000	98.0000000000	7.9554486500	0.2694505966	0.1134779575	-0.0056572602	-0.0004548372	0.0218637364	0.9997448502
93.0000000000	103.0000000000	14.7614878225	0.6833454781	0.2024671549	0.0021358808	-0.0013324597	0.0385374279	0.9992539863
94.0000000000	98.0000000000	6.4260209857	0.1767643201	0.0683244835	-0.0021110418	0.0014040108	0.0171009890	0.9998505530
94.0000000000	103.0000000000	13.2359927958	0.5251293770	0.1339907431	0.0057078735	0.0004297936	0.0337587480	0.9994136193
95.0000000000	100.0000000000	8.1686358525	0.2184314457	0.0369651981	0.0030879735	0.0029876515	0.0187360811	0.9998152317
95.0000000000	104.0000000000	13.4675335203	0.5161438996	0.0663461841	0.0092242187	0.0002085797	0.0369108185	0.9992759688
96.0000000000	103.0000000000	9.5693471813	0.2418539381	0.1165313838	0.0080562642	-0.0008778026	0.0232197283	0.9996975394
96.0000000000	104.0000000000	11.2859973581	0.3414948972	0.1399150530	0.0085271041	-0.0036478176	0.0306108222	0.9994883489
97.0000000000	103.0000000000	8.1745316112	0.1564099618	0.1051520563	0.0095572996	-0.0012879769	0.0192961101	0.9997673026
97.0000000000	105.0000000000	11.0225295019	0.3429282444	0.1519767418	0.0062952889	-0.0095620336	0.0330410572	0.9993884257
98.0000000000	103.0000000000	6.8176824420	0.1149666719	0.0857820776	0.0077767780	-0.0011423369	0.0166716647	0.9998301218
98.0000000000	110.0000000000	16.3271900777	1.1309617801	0.2395767103	-0.0168040515	-0.0074377401	0.0714475515	0.9972750630
99.0000000000	104.0000000000	7.2082919075	0.1523587429	0.1008367280	0.0079022082	-0.0043386624	0.0221282494	0.9997144951
99.0000000000	111.0000000000	17.0475500404	1.4174393271	0.2577979073	-0.0209903557	-0.0060701932	0.0819729191	0.9963950011
100.0000000000	104.0000000000	5.3060729005	0.0992540627	0.0598445059	0.0060304076	-0.0028357975	0.0182084026	0.9998120056
100.0000000000	111.0000000000	15.1553640103	1.2877373211	0.1827908170	-0.0227730533	-0.0043460970	0.0781118322	0.9966749927
103.0000000000	108.0000000000	6.9892662197	0.4040147248	0.1094726190	-0.0188004254	-0.0015983609	0.0395100964	0.9990410109
103.0000000000	112.0000000000	13.0342164972	1.2270832596	0.1415131105	-0.0283434223	-0.0022272577	0.0770254187	0.9966236876
104.0000000000	109.0000000000	6.5333746682	0.4253768226	0.0590225798	-0.0229331919	-0.0004831130	0.0399154998	0.9989397320
104.0000000000	113.0000000000	13.5572574309	1.4266390457	0.0350827582	-0.0309168073	0.0004143093	0.0840257540	0.9959837609
105.0000000000	110.0000000000	6.7004017310	0.4378323146	-0.0228145259	-0.0208346479	0.0027564992	0.0412519313	0.9989277238
105.0000000000	113.0000000000	12.4391315820	1.2267570006	-0.0986735120	-0.0266444204	0.0055960938	0.0777844307	0.9965983850
106.0000000000	111.0000000000	7.6305318767	0.5241663960	-0.1048462961	-0.0204659980	0.0087767437	0.0464378745	0.9986729372
106.0000000000	114.0000000000	12.8642800598	1.2650815529	-0.2200127777	-0.0215446655	0.0105950725	0.0763478150	0.9967921463
107.0000000000	112.0000000000	7.3155909606	0.4761009099	-0.0216069313	-0.0132276120	0.0037594148	0.0453456109	0.9988767054
107.0000000000	115.0000000000	13.5423823017	1.2964136596	-0.0868087158	-0.0063169718	0.0056952945	0.0717186990	0.9973886342
108.0000000000	113.0000000000	8.3368565152	0.5861964041	0.0278618213	-0.0119474422	-0.0014688698	0.0519123260	0.9985790962
108.0000000000	115.0000000000	12.3301568171	1.0661055280	0.0333110474	-0.0027473523	0.0008268564	0.0640012251	0.9979456957
109.0000000000	113.0000000000	7.0813841614	0.4381409896	0.0022821527	-0.0079858074	0.0002021341	0.0442059184	0.9989905019
109.0000000000	115.0000000000	11.0816275530	0.8562478925	-0.0030315886	0.0012507654	0.0023785473	0.0562917609	0.9984107450
110.0000000000	114.0000000000	7.3468283894	0.4560609137	-0.0269132788	-0.0048797437	0.0031308589	0.0425387573	0.9990779949
110.0000000000	116.0000000000	11.4659386939	0.8380018415	-0.0483257476	0.0090507925	0.0070821474	0.0528554718	0.9985360411
111.0000000000	114.0000000000	5.2810626741	0.2543896677	-0.0023613170	-0.0012937991	0.0012703780	0.0299853432	0.9995486939
111.0000000000	118.0000000000	13.7396956530	0.9878896318	-0.0320585344	0.0071105622	0.0060175857	0.0511662478	0.9986467061
112.0000000000	115.0000000000	6.2758055467	0.2536539572	-0.0039231295	0.0068718370	0.0012770744	0.0264625270	0.9996253706
112.0000000000	119.0000000000	14.0640163834	0.8929813911	-0.0369974108	0.0062039245	0.0113673127	0.0463080666	0.9988432602
113.0000000000	116.0000000000	5.7044543427	0.1056884271	0.0028309924	0.0150083631	0.0041191690	0.0163023519	0.9997459751
114.0000000000	117.0000000000	6.7339571462	0.1317369862	-0.0033209504	0.0119183617	0.0023728080	0.0171009303	0.9997799161
115.0000000000	119.0000000000	7.8111873418	0.2260134344	-0.0190969027	-0.0004206136	0.0102415032	0.0197886045	0.9997516421
115.0000000000	125.0000000000	18.7868148122	1.1075274399	-0.0738641431	0.0246833345	0.0043834706	0.0577997423	0.9980133807
116.0000000000	125.0000000000	17.1122345111	0.9624600440	-0.0107704133	0.0188571568	0.0021959238	0.0536694152	0.9983782747
116.0000000000	127.0000000000	21.7705932403	1.4899829355	-0.0017362230	0.0201309340	0.0057605804	0.0549266610	0.9982708165
117.0000000000	125.0000000000	14.5243644027	0.7204546567	-0.0362576240	0.0210749004	0.0027686953	0.0469548748	0.9986708280
117.0000000000	127.0000000000	19.1893935738	1.1853548187	-0.0326932770	0.0223733720	0.0063218997	0.0482194803	0.9985661458
118.0000000000	125.0000000000	12.7739344135	0.5828547094	0.0210324051	0.0243541386	0.0003261473	0.0429340336	0.9987809761
118.0000000000	127.0000000000	17.4425340479	1.0095604496	0.0481506205	0.0256639535	0.0038699522	0.0442138966	0.9986848934
119.0000000000	125.0000000000	11.0007181743	0.4464792703	0.1709168854	0.0245917644	-0.0063515416	0.0382907327	0.9989438036
119.0000000000	127.0000000000	15.6724482858	0.8282204224	0.2595991415	0.0259101465	-0.0028141852	0.0395814253	0.9988763965
125.0000000000	130.0000000000	10.2732478334	0.0582070211	0.0192630866	-0.0064286923	0.0052014170	-0.0071150765	0.9999404947
125.0000000000	133.0000000000	17.5783753655	-0.1304401161	0.0655299212	-0.0131500245	0.0039141514	-0.0252273648	0.9995875831
127.0000000000	133.0000000000	12.8892887575	-0.1866505546	0.1374875832	-0.0145182695	0.0003799773	-0.0264751534	0.9995439669
127.0000000000	135.0000000000	16.4463201388	-0.4112726908	0.1809722696	-0.0097648487	-0.0028291050	-0.0360454413	0.9992984389
128.0000000000	133.0000000000	11.0279138697	-0.1662014766	0.0930729673	-0.0105468942	0.0016926787	-0.0244963760	0.9996428489
128.0000000000	136.0000000000	16.3681831921	-0.4991947049	0.1352687419	-0.0067518104	-0.0015417536	-0.0393110032	0.9992030230
129.0000000000	133.0000000000	9.1599809172	-0.1264792083	0.0907656304	-0.0073201146	0.0012357829	-0.0215041641	0.9997411964
129.0000000000	137.0000000000	16.3081172705	-0.5601250969	0.1482455505	-0.0045268537	-0.0022518266	-0.0435749280	0.9990373679
130.0000000000	133.0000000000	7.3062124214	-0.0857568606	0.1205073210	-0.0066198331	-0.0012167378	-0.0181569551	0.9998124936
130.0000000000	138.0000000000	17.1467930607	-0.7000434323	0.2855111983	-0.0095115370	-0.0100598162	-0.0524482981	0.9985276695
131.0000000000	134.0000000000	7.2406576902	-0.0941746949	0.0938351233	-0.0061770051	-0.0008076357	-0.0188582232	0.9998027604
131.0000000000	138.0000000000	15.3051385910	-0.5740397989	0.2196703799	-0.0115542416	-0.0089902264	-0.0485132745	0.9987152435
133.0000000000	137.0000000000	7.1600362984	-0.1268234013	0.0710628673	0.0028896610	-0.0032642090	-0.0221022662	0.9997462101
133.0000000000	142.0000000000	17.2328022805	-1.0055226567	0.1789440969	-0.0034915855	-0.0050275078	-0.0700571778	0.9975241976
134.0000000000	138.0000000000	8.0770502494	-0.1768561779	0.1087418981	-0.0052525333	-0.0081000734	-0.0297159046	0.9995117632
134.0000000000	142.0000000000	15.4596975634	-0.8553336307	0.1461355279	-0.0059993482	-0.0045525616	-0.0654264305	0.9978289754
135.0000000000	138.0000000000	6.2963940518	-0.0994984676	0.0573680853	-0.0076316417	-0.0059200027	-0.0246998876	0.9996482517
135.0000000000	142.0000000000	13.6855495976	-0.7042024129	0.0641443166	-0.0084734906	-0.0024641458	-0.0604248244	0.9981337428
136.0000000000	140.0000000000	8.2247131413	-0.2405064236	0.0470015477	-0.0104395143	0.0075483025	-0.0365726424	0.9992479580
136.0000000000	144.0000000000	15.6108942519	-1.0577149009	0.0725034679	-0.0045686681	0.0017192790	-0.0724186345	0.9973623778
137.0000000000	140.0000000000	6.4166507415	-0.1466320987	0.0379948614	-0.0094860203	0.0078338774	-0.0293145750	0.9994945230
137.0000000000	144.0000000000	13.8139269676	-0.8566827308	0.0571422572	-0.0035866172	0.0020835419	-0.0651811438	0.9978648273
138.0000000000	142.0000000000	7.4095057849	-0.2384327312	-0.0873020449	-0.0011499674	0.0036975230	-0.0357184212	0.9993543917
138.0000000000	145.0000000000	12.9399348432	-0.7866521759	-0.1327175601	0.0061298443	0.0097893817	-0.0598910554	0.9981380939
140.0000000000	144.0000000000	7.4250745945	-0.2766961419	0.1259564681	0.0063305042	-0.0052214875	-0.0359045399	0.9993215322
140.0000000000	147.0000000000	13.5913570494	-0.8461742966	0.2284679493	0.0095397045	-0.0058656497	-0.0552048170	0.9984122477
142.0000000000	145.0000000000	5.5556446207	-0.1519294253	-0.0052031824	0.0071455031	0.0063802493	-0.0241665539	0.9996620488
142.0000000000	150.0000000000	14.9469777359	-0.8234444482	-0.0450171712	0.0121233985	0.0088455420	-0.0458047550	0.9988376765
143.0000000000	147.0000000000	8.0293910380	-0.2387377362	0.0463497156	0.0019468004	-0.0001252491	-0.0279218472	0.9996082056
143.0000000000	151.0000000000	15.4373870208	-0.7477790884	0.0834357424	0.0070143448	-0.0041624066	-0.0410685656	0.9991230386
144.0000000000	147.0000000000	6.1919774642	-0.1245409179	0.0423363702	0.0031351283	-0.0006554189	-0.0193325065	0.9998079794
144.0000000000	150.0000000000	11.2309821696	-0.3699858872	0.0633705023	0.0095117664	0.0045586021	-0.0285676247	0.9995362106
145.0000000000	149.0000000000	7.7784371208	-0.1462094898	0.0792010534	0.0019783343	0.0045744828	-0.0188891566	0.9998091618
145.0000000000	154.0000000000	16.4104053919	-0.5426429572	0.1528402657	-0.0024625227	0.0039374650	-0.0338397173	0.9994164827
146.0000000000	150.0000000000	6.7651754646	-0.0918805824	0.0899045770	0.0063358402	0.0004890913	-0.0135369516	0.9998881782
146.0000000000	155.0000000000	15.9567800169	-0.4119298990	0.1936055427	-0.0012905993	0.0035547997	-0.0299360334	0.9995446622
147.0000000000	150.0000000000	5.0447456216	-0.0503505590	0.0153504945	0.0062694137	0.0053071602	-0.0092591277	0.9999233956
147.0000000000	155.0000000000	14.2393285270	-0.2911852671	0.0309546144	-0.0014486485	0.0083383132	-0.0256228030	0.9996358567
148.0000000000	151.0000000000	5.7089302399	-0.0567739680	0.0480741846	0.0061708564	-0.0056677438	-0.0095564887	0.9999192321
148.0000000000	155.0000000000	12.5246080814	-0.2045153017	0.0665515529	-0.0004773188	0.0065788211	-0.0220322891	0.9997354998
149.0000000000	152.0000000000	5.5976272032	-0.0276059756	0.1086103318	-0.0011040515	-0.0013734488	-0.0095811501	0.9999525470
149.0000000000	156.0000000000	13.5882708720	-0.2496552379	0.2134154122	-0.0039350919	-0.0025008215	-0.0281355661	0.9995932427
150.0000000000	154.0000000000	7.0050317081	-0.0221334345	0.1021652057	-0.0075223204	0.0012779765	-0.0122331477	0.9998960604
150.0000000000	158.0000000000	14.6203175161	-0.3423044268	0.1843942559	-0.0076095711	-0.0060981537	-0.0385444731	0.9992093027
151.0000000000	155.0000000000	6.8170397726	-0.0176897027	-0.0577769441	-0.0068342508	0.0121040178	-0.0125144447	0.9998250719
151.0000000000	159.0000000000	13.5932314431	-0.3410712929	-0.1012307379	-0.0111439181	0.0036582045	-0.0417624091	0.9990587229
152.0000000000	156.0000000000	7.9936920024	-0.0691026607	0.0825304192	-0.0028459826	-0.0011344525	-0.0185543331	0.9998231594
152.0000000000	160.0000000000	13.3827349015	-0.3953742132	0.1753407648	-0.0085743731	-0.0074967667	-0.0460444088	0.9988744621
153.0000000000	155.0000000000	3.6821926383	-0.0056308127	0.0605443506	0.0012364042	-0.0017099623	-0.0067061552	0.9999752871
153.0000000000	163.0000000000	16.0846833317	-0.8160170811	0.3824389514	-0.0081893672	-0.0177899939	-0.0672649037	0.9975429229
154.0000000000	157.0000000000	6.2903041980	-0.0724019343	0.0702018981	0.0004592883	-0.0046710512	-0.0191632594	0.9998053510
154.0000000000	163.0000000000	14.6005141116	-0.7410936589	0.2597844431	-0.0097321658	-0.0145843664	-0.0646915040	0.9977512669
155.0000000000	159.0000000000	6.7812762242	-0.1541945018	0.1174148578	-0.0038544278	-0.0082891026	-0.0293623228	0.9995270322
155.0000000000	163.0000000000	12.4132743816	-0.6432194457	0.2812609664	-0.0094182401	-0.0162218647	-0.0605375618	0.9979896550
156.0000000000	160.0000000000	5.3976429062	-0.1265863208	0.0792825343	-0.0056432093	-0.0063903120	-0.0275144265	0.9995850511
156.0000000000	165.0000000000	12.7291263431	-0.8202591540	0.2426466225	-0.0090338044	-0.0078808673	-0.0669133043	0.9976867705
157.0000000000	160.0000000000	4.0599678291	-0.0730280930	0.0408567631	-0.0057365915	-0.0034417995	-0.0215082764	0.9997462876
157.0000000000	165.0000000000	11.4000800352	-0.6787885862	0.1604918807	-0.0092356884	-0.0049602529	-0.0609074509	0.9980883630
158.0000000000	161.0000000000	4.1220963785	-0.0627656702	0.0159658340	-0.0084910125	-0.0042128135	-0.0222871829	0.9997066752
158.0000000000	167.0000000000	13.3270579886	-0.9189935823	0.1036184391	-0.0051043679	0.0042442918	-0.0654438343	0.9978341726
159.0000000000	162.0000000000	4.1932794421	-0.0771154171	0.0417441900	-0.0058254935	-0.0065011660	-0.0231075393	0.9996948735
159.0000000000	167.0000000000	11.9853286176	-0.7504291015	0.1099813616	-0.0009373831	0.0040829071	-0.0583072002	0.9982898986
160.0000000000	165.0000000000	7.3600241787	-0.2905577337	0.0638885847	-0.0036106593	-0.0013730120	-0.0394215033	0.9992152036
161.0000000000	165.0000000000	5.9701903125	-0.1942096590	0.0218262464	-0.0006302456	0.0019760228	-0.0314036696	0.9995046311
162.0000000000	167.0000000000	7.8150235304	-0.3127308863	-0.0390091135	0.0044050152	0.0108897176	-0.0351915035	0.9993115470
218.0000000000	223.0000000000	6.6399142507	0.0106092097	0.0472951391	0.0030161872	-0.0097257915	-0.0056549856	0.9999321641
218.0000000000	225.0000000000	8.9780656247	-0.0375212145	0.1039846127	0.0082573126	-0.0069578475	-0.0099012714	0.9998926792
219.0000000000	223.0000000000	5.1596864504	-0.0292971450	0.0162492048	0.0041236140	-0.0078628270	-0.0078339082	0.9999298984
219.0000000000	225.0000000000	7.4978030380	-0.0876590153	0.0641045926	0.0093627437	-0.0051014663	-0.0120866999	0.9998701044
220.0000000000	223.0000000000	3.1791151365	-0.0319533581	0.0133201867	0.0050017032	-0.0082634991	-0.0063532666	0.9999331645
220.0000000000	229.0000000000	11.4201932675	-0.2392140275	0.1230652011	0.0092783481	-0.0079867366	-0.0185110903	0.9997537016
221.0000000000	225.0000000000	4.4964077705	-0.0605366733	0.0397522918	0.0084446645	-0.0037240794	-0.0087970303	0.9999187123
221.0000000000	231.0000000000	14.0078876739	-0.3128359628	0.1322739557	0.0069051493	-0.0135510202	-0.0211163944	0.9996613360
223.0000000000	227.0000000000	4.8592054899	-0.0610476580	-0.0028266857	0.0088288304	0.0034465006	-0.0078867302	0.9999239835
223.0000000000	231.0000000000	11.8529867821	-0.1872987714	-0.0183745152	0.0036098070	-0.0070907061	-0.0165839674	0.9998308173
225.0000000000	229.0000000000	5.9051226725	-0.0299784558	-0.0028869835	-0.0009756697	-0.0025876054	-0.0078789955	0.9999651363
225.0000000000	236.0000000000	19.0857477877	-0.3647315208	0.1483821590	0.0079883246	-0.0023531034	-0.0124842278	0.9998873905
226.0000000000	230.0000000000	6.0876631801	-0.0186753601	0.0090853602	-0.0040427978	-0.0022251948	-0.0079402870	0.9999578272
226.0000000000	237.0000000000	19.5639515004	-0.3343176435	0.1581577679	0.0084891670	-0.0010690178	-0.0089464273	0.9999233734
227.0000000000	232.0000000000	8.5104468713	-0.0652633120	0.0682164765	-0.0005793766	-0.0067212517	-0.0096375971	0.9999308005
227.0000000000	238.0000000000	20.8902954729	-0.2885967440	0.1963375972	0.0079581548	-0.0013289742	-0.0034786912	0.9999613994
228.0000000000	234.0000000000	10.4592210231	-0.1197864669	0.0675287970	0.0065825255	-0.0036916867	-0.0089858439	0.9999311458
228.0000000000	238.0000000000	18.9019966393	-0.2025868662	0.0912460174	0.0116810450	0.0016548538	-0.0007494870	0.9999301240
229.0000000000	232.0000000000	5.1264138879	-0.0338380228	0.0326096377	0.0040308457	-0.0033999807	-0.0053711394	0.9999716712
229.0000000000	237.0000000000	14.9002350771	-0.1391853246	0.0855309886	0.0101044121	0.0012250142	-0.0028537548	0.9999441266
230.0000000000	232.0000000000	3.7059975215	-0.0325514935	0.0350784557	0.0064548045	-0.0033703209	-0.0035580330	0.9999671579
230.0000000000	238.0000000000	16.0882294322	-0.1054202321	0.0797390497	0.0149793415	0.0020308133	0.0026105780	0.9998823331
231.0000000000	235.0000000000	7.0829317802	-0.0545182193	-0.0401233616	0.0087120964	0.0056599852	-0.0023053782	0.9999433730
231.0000000000	238.0000000000	13.8983882879	-0.0332973342	-0.1352894897	0.0130362230	0.0094111616	0.0050520453	0.9998579718
232.0000000000	236.0000000000	8.0591471038	-0.0066407785	-0.0044159698	0.0049015512	0.0037386217	0.0007106730	0.9999807460
232.0000000000	240.0000000000	15.9587919558	0.0938364697	-0.0613421284	0.0099404998	0.0049147156	0.0118590405	0.9998681889
233.0000000000	236.0000000000	6.5020418917	0.0264449872	0.0052417074	0.0024916814	0.0026400069	0.0018256398	0.9999917444
233.0000000000	241.0000000000	17.1267332600	0.2558837397	-0.0511106273	0.0046751192	0.0026686279	0.0168180584	0.9998440751
234.0000000000	236.0000000000	4.1196647909	0.0290295886	-0.0048454079	0.0014595382	0.0036878879	0.0027937916	0.9999882319
234.0000000000	242.0000000000	16.5913706714	0.3591550061	-0.0904321177	0.0035191370	0.0058078411	0.0193444075	0.9997898172
235.0000000000	238.0000000000	6.8159279142	0.0516565520	-0.0186442661	0.0042743366	0.0038255137	0.0073486031	0.9999565458
235.0000000000	242.0000000000	14.9650477898	0.3282679456	-0.0445441423	0.0026952406	0.0041976089	0.0185085299	0.9998162582
236.0000000000	238.0000000000	4.3234686446	0.0156079169	-0.0018800006	0.0036060740	0.0017562163	0.0053988332	0.9999773820
236.0000000000	242.0000000000	12.4736479126	0.2603250217	0.0055492000	0.0020047493	0.0021390623	0.0165554777	0.9998586508
237.0000000000	239.0000000000	4.3892089622	0.0310421727	0.0020462788	0.0036128263	0.0009728555	0.0064166624	0.9999724134
237.0000000000	243.0000000000	12.6360806167	0.2893197900	0.0158369622	0.0016663253	0.0026022374	0.0160331907	0.9998666854
238.0000000000	240.0000000000	3.5770700018	0.0348121303	0.0152684681	0.0013796721	-0.0005152941	0.0057669800	0.9999822863
238.0000000000	244.0000000000	12.8178584564	0.3016336366	0.0402484616	-0.0015270909	0.0022389757	0.0132726582	0.9999082416
239.0000000000	243.0000000000	8.2494663990	0.1525766815	0.0283572703	-0.0019449684	0.0016766720	0.0096091590	0.9999505337
239.0000000000	248.0000000000	20.1783923771	0.4825876820	0.0538480409	-0.0057358706	0.0010348073	0.0115729436	0.9999160444
240.0000000000	244.0000000000	9.2432697665	0.1602780923	0.0148623437	-0.0028868570	0.0027813007	0.0075036673	0.9999638120
240.0000000000	249.0000000000	20.2005410307	0.3962221176	0.0179875243	-0.0032573494	0.0025757243	0.0094054909	0.9999471446
241.0000000000	245.0000000000	8.3702761949	0.1033172819	-0.0058549393	-0.0021299641	0.0045436600	0.0040936738	0.9999790299
241.0000000000	249.0000000000	17.4755523838	0.2213900005	-0.0227536825	-0.0003654897	0.0036751302	0.0055771864	0.9999776272
242.0000000000	245.0000000000	6.5212156384	0.0686725933	0.0144200674	-0.0020230389	0.0024646792	0.0025367687	0.9999916987
242.0000000000	249.0000000000	15.6268059298	0.1584649921	0.0354570623	-0.0002630074	0.0015932536	0.0040238583	0.9999906004
243.0000000000	247.0000000000	9.2111675271	0.0785005855	0.0527456697	-0.0039507337	0.0001515029	0.0017728582	0.9999906128
243.0000000000	250.0000000000	15.5487289794	0.1186902720	0.0827515887	0.0020682618	0.0008789295	0.0043900394	0.9999878386
244.0000000000	249.0000000000	10.9593907414	0.0712864307	0.0649755884	-0.0003773585	-0.0002082355	0.0019002586	0.9999981016
244.0000000000	252.0000000000	17.2414987557	0.1302990363	0.1224567070	0.0098384631	-0.0050472124	0.0108536172	0.9998799574
245.0000000000	248.0000000000	7.2899472975	0.0397932603	0.0547746712	-0.0009379441	-0.0017061049	0.0006636417	0.9999978845
245.0000000000	251.0000000000	12.6975308112	0.0587788491	0.0938772505	0.0092369233	-0.0047656424	0.0058881628	0.9999286462
246.0000000000	249.0000000000	7.2802074455	0.0299437311	0.0441753683	0.0021926799	-0.0002675053	0.0013581733	0.9999966380
246.0000000000	252.0000000000	13.5623730879	0.0818525602	0.1026261044	0.0124050500	-0.0051350017	0.0102996879	0.9998568212
247.0000000000	251.0000000000	8.1294562531	0.0259691012	0.0434785537	0.0103273563	-0.0038318399	0.0053921859	0.9999247907
247.0000000000	253.0000000000	14.4352952521	0.1867511480	0.1184827850	0.0114787733	-0.0000116377	0.0182391754	0.9997677581
248.0000000000	252.0000000000	8.0981160711	0.0463537213	0.0499831126	0.0129135162	-0.0040529110	0.0097501677	0.9998608649
248.0000000000	253.0000000000	11.7137085162	0.1702753141	0.0860329339	0.0113435781	0.0007504914	0.0180498947	0.9997724548
249.0000000000	252.0000000000	6.2823128218	0.0350909972	0.0549006037	0.0102084231	-0.0048617809	0.0089496166	0.9998960224
249.0000000000	255.0000000000	14.3817317264	0.4106710519	0.1197131739	0.0055603413	-0.0000939714	0.0333404723	0.9994285801
250.0000000000	252.0000000000	4.4822524780	0.0211422852	0.0506802354	0.0070170457	-0.0054941673	0.0073573638	0.9999332200
250.0000000000	258.0000000000	18.8922447721	1.0367565662	0.1725421307	-0.0008015467	-0.0006528544	0.0632527608	0.9979970038
251.0000000000	253.0000000000	6.3075924765	0.0937851629	0.0240416272	0.0012227763	0.0039457806	0.0128030048	0.9999095053
251.0000000000	258.0000000000	17.1066943821	0.9423214810	-0.0048232440	-0.0048019601	0.0041446468	0.0604616661	0.9981503644
252.0000000000	255.0000000000	8.1050632368	0.2310002630	-0.0201716544	-0.0044815735	0.0050556367	0.0243664277	0.9996802655
252.0000000000	261.0000000000	20.7883738756	1.6813466927	-0.0882867328	-0.0082222277	0.0055261710	0.0731756267	0.9972698652
253.0000000000	256.0000000000	6.2988222133	0.1966620087	0.0297380597	-0.0040246618	-0.0004314062	0.0256192933	0.9996635773
253.0000000000	262.0000000000	19.0307585505	1.6093095761	0.0833003624	-0.0073411869	0.0020957410	0.0694528016	0.9975560251
254.0000000000	258.0000000000	8.1388022047	0.3975885662	0.0594665159	-0.0044761891	-0.0006555524	0.0393418977	0.9992155669
254.0000000000	263.0000000000	19.1042845915	1.6722989977	0.1119950440	-0.0056064958	0.0042744299	0.0680862371	0.9976545298
255.0000000000	258.0000000000	6.3390824028	0.2644046905	0.0386007023	-0.0031390248	0.0001621322	0.0315556765	0.9994970533
255.0000000000	263.0000000000	17.3231762951	1.3679143980	0.0759125868	-0.0042089118	0.0050617972	0.0603186763	0.9981574628
256.0000000000	258.0000000000	4.5316596437	0.1429993149	0.0231394475	-0.0021561356	0.0007392493	0.0220511715	0.9997542450
256.0000000000	263.0000000000	15.5347889272	1.0373412975	0.0496686018	-0.0031640493	0.0056203830	0.0508309364	0.9986864453
257.0000000000	260.0000000000	6.3851971971	0.1943757189	0.0322848559	-0.0017887717	0.0005754132	0.0199082400	0.9998000456
257.0000000000	262.0000000000	10.0804316760	0.4059965020	0.0445105812	-0.0018471621	0.0021528101	0.0293420511	0.9995654043
258.0000000000	261.0000000000	6.4227698912	0.1612405825	0.0364367082	-0.0008450202	0.0001653282	0.0172936648	0.9998500826
258.0000000000	263.0000000000	11.0318088790	0.4081735847	0.0456311957	-0.0009236164	0.0048408988	0.0288060153	0.9995728718
259.0000000000	261.0000000000	4.6014135962	0.0827024182	0.0223933338	-0.0000598762	0.0003126222	0.0117532265	0.9999308778
259.0000000000	263.0000000000	9.2129088522	0.2785271171	0.0304949028	-0.0001109828	0.0049795077	0.0232705991	0.9997167956
260.0000000000	262.0000000000	3.7007101148	0.0643005291	0.0169767554	-0.0000328262	0.0015615049	0.0094393898	0.9999542282
260.0000000000	268.0000000000	17.0354371500	0.8372759078	0.0157636205	-0.0119373331	0.0063062363	0.0316782693	0.9994069335
261.0000000000	263.0000000000	4.6148178464	0.0873771819	0.0110046032	0.0000001317	0.0046665446	0.0115193575	0.9999227609
261.0000000000	267.0000000000	12.5990780055	0.5009145589	0.0074472139	-0.0086689898	0.0016120125	0.0259175100	0.9996251961
262.0000000000	266.0000000000	8.1315809115	0.2332783982	0.0322012327	-0.0042434027	0.0044211688	0.0195854892	0.9997894055
262.0000000000	267.0000000000	10.7487169211	0.3779077764	0.0334812240	-0.0085067561	0.0001409720	0.0213510271	0.9997358395
263.0000000000	266.0000000000	5.3725169146	0.1213315899	0.0532329483	-0.0044722188	0.0012968098	0.0126067705	0.9999096894
263.0000000000	269.0000000000	12.2976474500	0.4015063922	0.1054462335	-0.0126971919	0.0034569693	0.0148660838	0.9998028957
264.0000000000	265.0000000000	1.7809244217	0.0241088808	0.0156424773	-0.0016169346	-0.0013223832	0.0049637185	0.9999854991
264.0000000000	269.0000000000	10.4977803971	0.2844440588	0.0572642735	-0.0120654788	0.0048777818	0.0104086606	0.9998611360
265.0000000000	267.0000000000	4.4101928545	0.0831103833	0.0075012291	-0.0065462134	-0.0002025281	0.0049380051	0.9999663605
265.0000000000	269.0000000000	8.7190957408	0.1736910487	0.0192687242	-0.0104106174	0.0062429707	0.0054693234	0.9999113615
266.0000000000	267.0000000000	2.6206721693	0.0419118223	0.0252326487	-0.0043543179	-0.0042030523	0.0017292027	0.9999801919
266.0000000000	269.0000000000	6.9298281182	0.1049406046	0.0719013554	-0.0082004050	0.0022536903	0.0022594474	0.9999612838
267.0000000000	268.0000000000	2.6019129603	0.0319959722	0.0092389193	-0.0032862521	0.0047796843	0.0009143825	0.9999827594
267.0000000000	271.0000000000	8.5292427661	0.0627658018	-0.0131761166	-0.0003283592	0.0064507145	-0.0005090370	0.9999790105
268.0000000000	270.0000000000	4.2381999554	0.0142439266	0.0226675440	0.0022000304	0.0016882679	-0.0012430572	0.9999953822
268.0000000000	273.0000000000	10.1580700923	0.0203724916	0.0594220614	0.0036391396	-0.0006671110	-0.0022712044	0.9999905766
269.0000000000	270.0000000000	2.5305608827	0.0032511050	0.0130820592	0.0027448587	0.0000068577	-0.0009015307	0.9999958265
269.0000000000	273.0000000000	8.4502680246	0.0133182710	0.0697697272	0.0041864866	-0.0023474660	-0.0019285356	0.9999866217
270.0000000000	271.0000000000	1.6890538145	0.0099093789	0.0174169371	0.0007664206	-0.0000146722	-0.0001593797	0.9999996935
270.0000000000	273.0000000000	5.9196736735	0.0210513826	0.0566838756	0.0014437771	-0.0023558321	-0.0010205367	0.9999956620
271.0000000000	272.0000000000	1.6679570886	0.0043321608	0.0214325101	0.0012956652	-0.0049091207	-0.0004033209	0.9999870295
271.0000000000	274.0000000000	5.9666969217	0.0162783509	0.0573992426	0.0013635414	-0.0046888168	-0.0010962977	0.9999874769
272.0000000000	273.0000000000	2.5627053001	0.0102999305	-0.0074931053	-0.0006212237	0.0025665830	-0.0004563364	0.9999964092
272.0000000000	276.0000000000	8.7731173598	0.0143399202	-0.0082779472	0.0046699895	0.0007277295	-0.0000650257	0.9999888286
273.0000000000	274.0000000000	1.7361332982	0.0067298215	0.0101376122	0.0006872871	-0.0023466890	-0.0002369469	0.9999969823
273.0000000000	276.0000000000	6.2103242125	0.0096882757	0.0311003359	0.0052910257	-0.0018366545	0.0004037441	0.9999842342
274.0000000000	276.0000000000	4.4742403359	0.0050923291	-0.0000423112	0.0046051160	0.0005115338	0.0006295313	0.9999890674
