idx1	idx2	t_1	t_2	t_3	q_1	q_2	q_3	q_4
23.0000000000	25.0000000000	4.8299227869	0.0008998665	0.0587627011	0.0005619076	0.0011332625	-0.0031236716	0.9999943213
23.0000000000	26.0000000000	7.2360389308	-0.0060244058	0.0833604407	0.0006620434	0.0008147641	-0.0035897131	0.9999930059
23.0000000000	30.0000000000	16.8756951773	0.0073753408	0.2064536853	0.0010291936	0.0008578222	-0.0004185342	0.9999990149
24.0000000000	26.0000000000	4.8217998543	0.0047645985	0.0771273125	0.0003865257	-0.0017531279	-0.0020755327	0.9999962346
24.0000000000	28.0000000000	9.6400079460	0.0195872609	0.1621991550	0.0004377807	-0.0011607243	0.0005027610	0.9999991041
24.0000000000	31.0000000000	16.8686180795	0.0610061220	0.2863077658	0.0011391349	-0.0003095382	0.0015077781	0.9999981666
25.0000000000	27.0000000000	4.8109819767	0.0200175085	0.0630686872	0.0001248121	-0.0006660756	0.0008979512	0.9999993672
25.0000000000	31.0000000000	14.4531869434	0.1032841988	0.2046246914	0.0008570822	0.0011273769	0.0031160650	0.9999941423
25.0000000000	33.0000000000	18.0475191342	0.1531153595	0.2580183221	-0.0011607832	0.0000992309	0.0032114474	0.9999941647
26.0000000000	28.0000000000	4.8183748128	0.0348846555	0.0681604460	0.0000545433	0.0005935098	0.0025779711	0.9999964994
26.0000000000	31.0000000000	12.0471430876	0.1063989808	0.1668827407	0.0007558904	0.0014465360	0.0035814242	0.9999922548
26.0000000000	34.0000000000	18.0301072967	0.1950846735	0.2476481178	-0.0028228527	0.0008335870	0.0035071448	0.9999895182
27.0000000000	29.0000000000	3.6215004258	0.0230083040	0.0492892722	-0.0002912767	0.0009150415	0.0014031971	0.9999985544
27.0000000000	32.0000000000	10.8443303302	0.0780290830	0.1505032125	0.0004964879	0.0012551990	0.0025112378	0.9999959358
27.0000000000	34.0000000000	15.6257540703	0.1383465582	0.2052998529	-0.0028442424	0.0011849961	0.0021443886	0.9999929538
28.0000000000	30.0000000000	4.8208179634	0.0230450796	0.0762978463	0.0003080979	-0.0005478017	0.0005936928	0.9999996263
28.0000000000	32.0000000000	8.4307167087	0.0433855556	0.1313665290	0.0004631487	0.0003137038	0.0012974540	0.9999990018
28.0000000000	34.0000000000	13.2121605917	0.0920955159	0.1951575911	-0.0028773176	0.0002475482	0.0009274678	0.9999953998
29.0000000000	31.0000000000	6.0209555913	0.0260251181	0.0904438778	0.0010271197	0.0008763484	0.0008154064	0.9999987561
29.0000000000	33.0000000000	9.6154503613	0.0592952083	0.1456385308	-0.0009931298	-0.0001471672	0.0009101141	0.9999990819
29.0000000000	36.0000000000	16.7309786344	0.0947337550	0.2591285461	-0.0017838816	-0.0018373048	-0.0031792697	0.9999916671
30.0000000000	32.0000000000	3.6099804231	0.0160876623	0.0511013338	0.0001559480	0.0008616299	0.0007034107	0.9999993692
30.0000000000	34.0000000000	8.3915483118	0.0591589581	0.1096240768	-0.0031847577	0.0007973420	0.0003352769	0.9999945546
30.0000000000	38.0000000000	16.6392152308	0.0426929987	0.2376089609	-0.0021407887	0.0009019648	-0.0078773547	0.9999662748
31.0000000000	33.0000000000	3.5944407557	0.0275284169	0.0614324756	-0.0020211655	-0.0010217692	0.0000939886	0.9999974310
31.0000000000	35.0000000000	8.3526265562	0.0590908920	0.1343056289	-0.0046355934	0.0003376393	-0.0014128012	0.9999882006
31.0000000000	39.0000000000	16.5640964361	-0.0122975403	0.2883269509	-0.0025306931	-0.0026273324	-0.0120667276	0.9999205402
32.0000000000	34.0000000000	4.7815123491	0.0363630917	0.0667500001	-0.0033404314	-0.0000619917	-0.0003709984	0.9999943500
32.0000000000	37.0000000000	11.8558754468	0.0218022606	0.1833211271	-0.0026156806	-0.0008601203	-0.0069631489	0.9999719661
32.0000000000	216.0000000000	6.6967453790	15.5320561998	-0.2913767839	-0.0177011207	0.0201409564	0.9996404128	-0.0002393486
33.0000000000	36.0000000000	7.1156173983	0.0222613115	0.1114540895	-0.0007928982	-0.0016853555	-0.0040909346	0.9999898975
33.0000000000	38.0000000000	10.6363688189	-0.0073886166	0.1658603908	-0.0005127095	0.0005395310	-0.0083825663	0.9999645887
33.0000000000	216.0000000000	4.2975689723	15.5154840874	-0.2730521790	-0.0172216193	0.0183570924	0.9996830795	-0.0004164747
34.0000000000	37.0000000000	7.0743884917	-0.0100848136	0.1156103316	0.0007245590	-0.0007758370	-0.0065948339	0.9999776904
34.0000000000	216.0000000000	1.9037018040	15.4991668258	-0.2548291686	-0.0176473174	0.0167950268	0.9997030530	-0.0005523298
34.0000000000	217.0000000000	-2.5038538650	15.4790736902	-0.3580430164	-0.0194676462	0.0167056731	0.9996692277	0.0018347951
35.0000000000	37.0000000000	4.7047907566	-0.0110020443	0.0908649912	0.0017874617	-0.0017103912	-0.0052651693	0.9999830786
35.0000000000	215.0000000000	5.3755315937	15.5628134584	-0.1253829616	-0.0148218802	0.0159528880	0.9997438634	-0.0061664205
35.0000000000	216.0000000000	-0.5064478589	15.4851932072	-0.2566357044	-0.0186124223	0.0157166783	0.9997015311	-0.0018472966
36.0000000000	38.0000000000	3.5210394311	-0.0009176572	0.0425121775	0.0002638297	0.0022293688	-0.0042904007	0.9999882763
36.0000000000	215.0000000000	2.9362351308	15.5787971647	-0.2550774965	-0.0118141150	0.0177260982	0.9997340301	-0.0088363587
36.0000000000	216.0000000000	-2.9459512491	15.4702340814	-0.3502392956	-0.0156120432	0.0174931016	0.9997148566	-0.0045233893
37.0000000000	39.0000000000	3.5071704736	-0.0014835691	0.0562162113	0.0003220544	-0.0012101694	-0.0054003237	0.9999846340
37.0000000000	354.0000000000	-28.3136514367	-0.4196931321	-0.3900035902	0.0031232405	0.0019382364	0.0074598347	0.9999654191
37.0000000000	355.0000000000	-24.4864450140	-0.3395542132	-0.3417671445	0.0021118083	0.0007971443	0.0089165476	0.9999576991
38.0000000000	215.0000000000	-0.7171157164	15.5739638795	-0.3087174776	-0.0141164708	0.0179586619	0.9996533834	-0.0130891089
38.0000000000	354.0000000000	-29.4844969452	-0.5181177443	-0.4667855314	0.0027946757	0.0010384623	0.0090795176	0.9999543358
38.0000000000	355.0000000000	-25.6576616930	-0.4255632647	-0.4116609232	0.0017837727	-0.0001037920	0.0105356612	0.9999429020
39.0000000000	213.0000000000	5.2635305007	15.9272676952	-0.2001888218	-0.0056687508	0.0181660596	0.9995399184	-0.0236180226
39.0000000000	214.0000000000	1.0994067797	15.7266343115	-0.2559497977	-0.0130897029	0.0181446114	0.9995554132	-0.0197080890
39.0000000000	215.0000000000	-3.1702061488	15.5470835982	-0.3327188198	-0.0120662738	0.0178876248	0.9996242080	-0.0169080041
88.0000000000	91.0000000000	6.4085668350	0.0398076245	0.1291850169	0.0008175506	0.0004943152	0.0030756278	0.9999948139
88.0000000000	92.0000000000	9.4239149304	0.0864755396	0.1811169328	0.0003802973	0.0013978122	0.0063705945	0.9999786583
88.0000000000	94.0000000000	13.1567518747	0.1796926268	0.2452143215	0.0000912514	0.0015174276	0.0123353717	0.9999227609
91.0000000000	92.0000000000	3.0155227319	0.0282056298	0.0548518062	-0.0004360874	0.0009075390	0.0032940437	0.9999940677
91.0000000000	94.0000000000	6.7487941031	0.0985663925	0.1225060049	-0.0007276669	0.0010329471	0.0092587213	0.9999563388
91.0000000000	95.0000000000	8.4786538716	0.1500262148	0.1543141240	-0.0011657880	0.0007220542	0.0124140032	0.9999220030
92.0000000000	95.0000000000	5.4636274271	0.0857380613	0.1094674902	-0.0007386141	-0.0001869920	0.0091193980	0.9999581272
92.0000000000	100.0000000000	13.8268194444	0.3149543568	0.2785781547	-0.0025491988	-0.0021488733	0.0088404891	0.9999553638
92.0000000000	101.0000000000	15.2568334906	0.3412216300	0.3077672921	-0.0024794588	-0.0021511161	0.0068947227	0.9999708435
94.0000000000	95.0000000000	1.7304470586	0.0193716224	0.0354337848	-0.0004442648	-0.0003090834	0.0031547805	0.9999948772
94.0000000000	100.0000000000	10.0957365634	0.1487048886	0.2067230050	-0.0022664852	-0.0022600461	0.0028750888	0.9999907445
94.0000000000	101.0000000000	11.5259549977	0.1578940111	0.2362769619	-0.0021965148	-0.0022621293	0.0009292726	0.9999945973
95.0000000000	100.0000000000	8.3660409908	0.0764007755	0.1662100392	-0.0018284536	-0.0019450809	-0.0002799799	0.9999963975
95.0000000000	101.0000000000	9.7963065283	0.0765400329	0.1948841484	-0.0017590903	-0.0019465191	-0.0022258199	0.9999940812
95.0000000000	104.0000000000	14.0042895337	0.0305948753	0.2822931781	-0.0004378646	-0.0013212032	-0.0108971935	0.9999396551
100.0000000000	102.0000000000	2.8430974009	-0.0038424964	0.0463528717	0.0000718209	0.0000731062	-0.0043565480	0.9999905049
100.0000000000	106.0000000000	8.4054062202	-0.1119216366	0.1291336561	0.0009508238	0.0004821336	-0.0162724011	0.9998670274
100.0000000000	113.0000000000	19.4817584125	-0.5445919030	0.2930050678	0.0019856720	0.0020036204	-0.0231679390	0.9997276075
101.0000000000	103.0000000000	2.8164576074	-0.0112822227	0.0477424550	0.0010351972	0.0006865375	-0.0056886577	0.9999830480
101.0000000000	108.0000000000	9.8030848598	-0.1722226964	0.1406447091	0.0006734220	-0.0009803757	-0.0187573453	0.9998233581
101.0000000000	113.0000000000	18.0533696426	-0.4751430390	0.2700408936	0.0019162652	0.0020038262	-0.0212225824	0.9997709311
102.0000000000	107.0000000000	6.9706290439	-0.0942133144	0.1003638620	0.0008374274	0.0007353635	-0.0143139551	0.9998969290
102.0000000000	111.0000000000	12.7780776918	-0.2639564451	0.1840081590	0.0009095124	-0.0034691510	-0.0174352170	0.9998415629
102.0000000000	115.0000000000	20.6909848329	-0.5707306432	0.2962519080	0.0005037435	-0.0026959642	-0.0269970302	0.9996317514
103.0000000000	107.0000000000	5.5672368445	-0.0522267489	0.0826983099	-0.0001838605	0.0001052817	-0.0110364258	0.9999390744
103.0000000000	111.0000000000	11.3755663704	-0.1837147435	0.1738326875	-0.0000960085	-0.0041021444	-0.0141534851	0.9998914151
103.0000000000	115.0000000000	19.2901707376	-0.4383664233	0.2964375334	-0.0004981823	-0.0033399929	-0.0237169779	0.9997130094
104.0000000000	107.0000000000	4.1754177537	-0.0269572737	0.0572627516	-0.0004546162	0.0001464401	-0.0080524737	0.9999674642
104.0000000000	112.0000000000	12.2902802573	-0.1735304365	0.1987060564	0.0024088057	-0.0037088706	-0.0119839190	0.9999184105
104.0000000000	115.0000000000	17.9004250523	-0.3310749095	0.2699595335	-0.0007591625	-0.0033031875	-0.0207326943	0.9997793097
105.0000000000	108.0000000000	4.2231285452	-0.0247289197	0.0546153801	-0.0001779770	-0.0012260525	-0.0073279672	0.9999723826
105.0000000000	113.0000000000	12.4781213070	-0.1387682271	0.1882860373	0.0010313064	0.0017700306	-0.0097959376	0.9999499202
105.0000000000	117.0000000000	20.7112564167	-0.4170111825	0.3017174686	0.0011710108	-0.0019925443	-0.0249048820	0.9996871537
106.0000000000	109.0000000000	4.2680385193	-0.0138033977	0.0549747297	0.0003159701	-0.0024809477	-0.0051607315	0.9999835558
106.0000000000	113.0000000000	11.0843917323	-0.0716945613	0.1750372110	0.0010134089	0.0015316320	-0.0068978423	0.9999745231
106.0000000000	116.0000000000	17.6569440823	-0.2425083177	0.2664747786	0.0028574100	-0.0002315393	-0.0196445439	0.9998029173
107.0000000000	111.0000000000	5.8097965961	-0.0032907358	0.0923344263	0.0001345986	-0.0042056232	-0.0031181558	0.9999862858
107.0000000000	115.0000000000	13.7280663628	-0.0832379783	0.2165468952	-0.0002749845	-0.0034461775	-0.0126829376	0.9999135919
107.0000000000	118.0000000000	19.5952294717	-0.2801693871	0.3122768015	0.0006315363	-0.0015922381	-0.0222576797	0.9997507998
108.0000000000	112.0000000000	6.6956248363	0.0088372000	0.0994502640	0.0030350044	-0.0020350068	-0.0019068075	0.9999915058
108.0000000000	116.0000000000	14.8301263561	-0.1056917563	0.1854956142	0.0030173140	0.0012524337	-0.0152193792	0.9998788415
108.0000000000	119.0000000000	19.8630357764	-0.2707901721	0.2507633368	-0.0001949195	0.0011812730	-0.0232227345	0.9997295990
109.0000000000	113.0000000000	6.8171040188	0.0125349713	0.0862543045	0.0006724114	0.0040155403	-0.0017401293	0.9999901976
109.0000000000	116.0000000000	13.3914467094	-0.0903815035	0.1451629188	0.0024939138	0.0022574649	-0.0144915273	0.9998893338
109.0000000000	120.0000000000	20.1165954929	-0.3260859934	0.2169012290	0.0000864859	0.0018839293	-0.0252465577	0.9996794760
110.0000000000	113.0000000000	5.3477627395	0.0069807693	0.0626333147	0.0007223700	0.0042655015	-0.0015780291	0.9999893967
110.0000000000	116.0000000000	11.9221659587	-0.0938107243	0.1182447684	0.0025409647	0.0025083439	-0.0143299870	0.9998909456
110.0000000000	119.0000000000	16.9555128940	-0.2498569845	0.1709715545	-0.0006812203	0.0024304720	-0.0223293867	0.9997474817
111.0000000000	114.0000000000	5.4506747015	-0.0073090968	0.0474132427	0.0007130109	0.0014293072	-0.0044105777	0.9999889977
111.0000000000	117.0000000000	12.1044748751	-0.1364765675	0.0918729878	0.0010144430	0.0016584108	-0.0164964024	0.9998620351
111.0000000000	122.0000000000	20.5671672107	-0.5009605274	0.1529701640	0.0028410087	0.0037874098	-0.0266373849	0.9996339500
112.0000000000	115.0000000000	5.6126816480	-0.0227963186	0.0300629480	-0.0032046839	0.0003460931	-0.0087389560	0.9999566195
112.0000000000	118.0000000000	11.4817742554	-0.1731419959	0.0818436137	-0.0023416749	0.0021752189	-0.0183229951	0.9998270115
112.0000000000	123.0000000000	20.8361245980	-0.5925557078	0.1554948909	-0.0001043402	0.0035915495	-0.0249891339	0.9996812657
113.0000000000	116.0000000000	6.5739748786	-0.0799217377	0.1118269633	0.0018758125	-0.0017630615	-0.0127429539	0.9999154915
113.0000000000	119.0000000000	11.6071557204	-0.2199751689	0.2077068559	-0.0013119891	-0.0018511833	-0.0207561830	0.9997819926
113.0000000000	123.0000000000	19.2738654181	-0.5754370006	0.3398047005	0.0018803038	-0.0013954463	-0.0244090615	0.9996993122
114.0000000000	118.0000000000	8.3386777488	-0.1098985701	0.0806660208	-0.0002887216	0.0011704146	-0.0147337530	0.9998907257
114.0000000000	120.0000000000	11.7186494055	-0.2152658860	0.1179951371	-0.0004119062	0.0018495889	-0.0204843538	0.9997883779
114.0000000000	124.0000000000	19.3960990611	-0.5234185459	0.1880072861	0.0014566864	0.0018790292	-0.0197176242	0.9998027619
115.0000000000	118.0000000000	5.8707906453	-0.0480892261	0.0552071457	0.0008498869	0.0018673450	-0.0095785971	0.9999520194
115.0000000000	122.0000000000	12.6543168307	-0.2285347228	0.1141882387	0.0032768116	0.0030701627	-0.0170725457	0.9998441703
115.0000000000	124.0000000000	16.9320206341	-0.3478365208	0.1466516801	0.0025881199	0.0025906416	-0.0145632210	0.9998872450
116.0000000000	119.0000000000	5.0354146414	-0.0114108601	0.0784109409	-0.0032002890	-0.0001440016	-0.0080084645	0.9999628003
116.0000000000	123.0000000000	12.7091012762	-0.1709258322	0.1844263414	-0.0000203586	0.0003453790	-0.0116685710	0.9999318601
116.0000000000	124.0000000000	14.4103419714	-0.1986499498	0.2081439850	-0.0005104839	-0.0003856181	-0.0099904270	0.9999498898
117.0000000000	119.0000000000	3.3725819780	-0.0014397553	0.0392697908	-0.0015657708	0.0019003061	-0.0056449862	0.9999810355
117.0000000000	123.0000000000	11.0473098897	-0.1250727192	0.1135270208	0.0016054732	0.0024031578	-0.0093108197	0.9999524768
117.0000000000	124.0000000000	12.7487463416	-0.1448426989	0.1302292323	0.0011205255	0.0016682776	-0.0076328503	0.9999688499
118.0000000000	122.0000000000	6.7854739170	-0.0503445623	0.0845156233	0.0024293725	0.0012198408	-0.0074911129	0.9999682462
118.0000000000	124.0000000000	11.0645292876	-0.0876113295	0.1330907926	0.0017405850	0.0007357974	-0.0049823742	0.9999858024
119.0000000000	122.0000000000	5.0976713261	-0.0261649707	0.0695719810	0.0033810377	0.0002747782	-0.0044908108	0.9999841627
119.0000000000	124.0000000000	9.3767703529	-0.0378862906	0.1263112453	0.0026913140	-0.0002137236	-0.0019831536	0.9999943891
120.0000000000	122.0000000000	3.4041887945	-0.0054414986	0.0439212257	0.0025538760	0.0005556975	-0.0017379411	0.9999950742
120.0000000000	124.0000000000	7.6833170156	0.0065001756	0.0983050599	0.0018661825	0.0000673703	0.0007703268	0.9999979597
120.0000000000	161.0000000000	2.0278192401	18.6093754645	-0.4895280445	-0.0076139802	0.0207551595	0.9973527082	-0.0692735602
121.0000000000	124.0000000000	5.9808178476	0.0263386513	0.0808915607	-0.0003354982	-0.0003979520	0.0021446252	0.9999975648
122.0000000000	124.0000000000	4.2789995115	0.0271053487	0.0590399116	-0.0006882423	-0.0004831168	0.0025091259	0.9999964986
122.0000000000	161.0000000000	-1.4404116108	18.6069506513	-0.6300683212	-0.0080273377	0.0233274339	0.9971701641	-0.0710144812
123.0000000000	124.0000000000	1.7014084164	0.0119812291	0.0248921969	-0.0004821385	-0.0007367065	0.0016780542	0.9999982045
124.0000000000	140.0000000000	23.2155540533	3.6645508768	0.2832661399	-0.0023368659	0.0086226220	0.3296367670	0.9440655651
124.0000000000	141.0000000000	24.1489772780	4.6659263112	0.2759990937	-0.0004326175	0.0100215974	0.4057504898	0.9139288377
124.0000000000	142.0000000000	25.1939199674	6.6156239879	0.2647855931	-0.0032962528	0.0142142161	0.5424483035	0.8399624568
140.0000000000	141.0000000000	1.3537739754	0.2027376015	0.0166030437	0.0015321421	0.0007750086	0.0818101636	0.9966464514
140.0000000000	145.0000000000	6.1111538914	4.8097682084	-0.0182907074	-0.0108028858	0.0255132378	0.5582258418	0.8292263152
140.0000000000	146.0000000000	6.4111391203	6.2823860131	-0.0779518916	-0.0109000029	0.0293183384	0.6366679782	0.7705034137
141.0000000000	142.0000000000	2.1468599878	0.5326483807	0.0249605533	-0.0023179244	0.0056756911	0.1549170758	0.9879084540
141.0000000000	145.0000000000	5.4450240053	3.7694451153	-0.0398363275	-0.0103825810	0.0265241349	0.4884671525	0.8721172589
141.0000000000	148.0000000000	6.3991012161	8.0037155936	-0.2655571340	-0.0102907856	0.0334909554	0.6786592740	0.7336170973
142.0000000000	143.0000000000	1.5948523176	0.3876893945	0.0193216190	-0.0016099466	0.0045926797	0.1242909484	0.9922338815
142.0000000000	146.0000000000	5.0719012836	3.2444072266	-0.0585598965	-0.0066355445	0.0257134133	0.4375142510	0.8988192644
142.0000000000	148.0000000000	6.3379394467	5.8115357195	-0.1985080620	-0.0071294617	0.0289432931	0.5568227189	0.8300963295
143.0000000000	144.0000000000	1.2365668310	0.2619853466	0.0187220062	-0.0015365108	0.0055015175	0.0962559805	0.9953402226
143.0000000000	146.0000000000	4.0747873734	1.9109299678	-0.0351911121	-0.0039503707	0.0215061489	0.3224123542	0.9463467409
143.0000000000	149.0000000000	6.6259790027	5.1932647364	-0.1995725689	-0.0018111538	0.0310386013	0.4932275378	0.8693445352
144.0000000000	145.0000000000	1.7493300008	0.4172626385	0.0022139355	-0.0022817213	0.0121732004	0.1334909526	0.9909726396
144.0000000000	147.0000000000	3.9944985562	1.6695922103	-0.0463795766	-0.0028329145	0.0164015348	0.2883944871	0.9573670059
144.0000000000	149.0000000000	6.2364923654	3.8075340466	-0.1405468003	-0.0001927279	0.0255277163	0.4072873556	0.9129432121
145.0000000000	146.0000000000	1.4784024137	0.2759718546	0.0178357536	-0.0005921460	0.0038603725	0.0978657439	0.9951919629
145.0000000000	148.0000000000	4.1154527933	1.3976002372	-0.0044907189	-0.0029994408	0.0077299523	0.2335975582	0.9722980160
145.0000000000	151.0000000000	7.9617576330	4.5112968299	-0.0741648328	-0.0015224521	0.0080880446	0.3887084238	0.9213240618
146.0000000000	147.0000000000	1.0648045436	0.1327661873	0.0044811732	-0.0015372750	0.0005834604	0.0605940641	0.9981611372
146.0000000000	149.0000000000	4.0279657339	1.0415462393	0.0031814336	0.0011201438	0.0093124477	0.1865605240	0.9823986943
146.0000000000	151.0000000000	7.1846751177	2.8913087893	-0.0347415270	-0.0016785915	0.0044113281	0.2966724119	0.9549676448
147.0000000000	148.0000000000	1.7824125383	0.2398626009	-0.0015536905	-0.0008591391	0.0034528120	0.0770456887	0.9970212143
147.0000000000	151.0000000000	6.4086574935	1.9980872655	-0.0245735828	-0.0001132537	0.0034916477	0.2382672397	0.9711933474
147.0000000000	153.0000000000	9.9169306620	4.4630198299	-0.0483643221	-0.0014935146	0.0063969217	0.3378841023	0.9411648008
148.0000000000	149.0000000000	1.3004510768	0.1052302721	0.0152565184	0.0041339305	0.0045712175	0.0499236571	0.9987340202
148.0000000000	152.0000000000	6.3550458773	1.6654986649	0.0049065453	-0.0026419606	0.0003241235	0.2036506568	0.9790400017
148.0000000000	153.0000000000	8.6868724055	2.9232958847	0.0175989313	-0.0013542290	0.0029529613	0.2643653302	0.9644171391
149.0000000000	151.0000000000	3.6151766980	0.5637443722	0.0235166420	-0.0046585286	-0.0039139435	0.1132707197	0.9935455315
149.0000000000	153.0000000000	7.6303974653	2.0676409866	0.0508525753	-0.0064004089	-0.0002988781	0.2158650106	0.9764021931
149.0000000000	157.0000000000	15.1198104680	7.3930089783	-0.0176317741	-0.0093441355	0.0037862675	0.3615466058	0.9322995244
151.0000000000	152.0000000000	1.6385596872	0.1190026381	-0.0076052645	-0.0027043899	0.0008505827	0.0416131451	0.9991297758
151.0000000000	153.0000000000	4.2507984274	0.5613682366	0.0044577525	-0.0009994763	0.0032440100	0.1038975856	0.9945822083
151.0000000000	157.0000000000	12.7461616545	4.0651119414	-0.0855967758	-0.0030967343	0.0067849833	0.2536649326	0.9672633955
152.0000000000	153.0000000000	2.6399470718	0.2235313281	0.0183353175	0.0017377618	0.0021558246	0.0624274045	0.9980456662
152.0000000000	157.0000000000	11.3973814854	3.0091040124	-0.0400127876	-0.0004115411	0.0053991926	0.2132090336	0.9769916005
152.0000000000	159.0000000000	15.5610982233	5.2214573930	-0.0829004729	-0.0059589596	0.0054142044	0.2549753181	0.9669140419
153.0000000000	157.0000000000	9.0364653160	1.6724237426	-0.0276713139	-0.0022311174	0.0036786285	0.1517910224	0.9884032453
153.0000000000	159.0000000000	13.4435646566	3.3485482482	-0.0588145271	-0.0078393049	0.0041342328	0.1940928250	0.9809431322
153.0000000000	160.0000000000	15.6820990614	4.3387607263	-0.0773347096	-0.0126336509	0.0040078040	0.2042573353	0.9788274972
157.0000000000	159.0000000000	4.7070576958	0.2764988273	0.0071838460	-0.0056462692	0.0012346661	0.0429240248	0.9990616214
157.0000000000	161.0000000000	10.9136460025	0.9945501739	0.0084645231	-0.0143244721	0.0013887094	0.0543377378	0.9984188957
159.0000000000	160.0000000000	2.4470009174	0.0631856161	0.0096456695	-0.0047861047	0.0007356075	0.0103606041	0.9999346028
159.0000000000	167.0000000000	27.7546838117	0.0403872755	0.1128574958	-0.0116065881	0.0040548527	-0.0225638497	0.9996698045
160.0000000000	161.0000000000	3.7999095254	0.0408757190	0.0184751952	-0.0038986047	-0.0002375320	0.0010563010	0.9999918143
160.0000000000	167.0000000000	25.3015876076	-0.5483205919	0.1377040100	-0.0067626983	0.0035474662	-0.0329086845	0.9994291870
160.0000000000	168.0000000000	29.3951077703	-0.8187466346	0.1607601650	-0.0067381886	0.0044480187	-0.0361141793	0.9993150544
161.0000000000	167.0000000000	21.5004414643	-0.6354903906	0.1042484144	-0.0028703258	0.0039202791	-0.0339486834	0.9994117668
161.0000000000	168.0000000000	25.5933917380	-0.9147276757	0.1232186824	-0.0028460720	0.0048332674	-0.0371505273	0.9992939396
167.0000000000	168.0000000000	4.1022004671	-0.0010573221	0.0503097902	0.0000054557	0.0009229317	-0.0032012421	0.9999944501
167.0000000000	170.0000000000	10.9840630758	-0.0311471752	0.1216315103	0.0023697051	-0.0002467800	-0.0029284040	0.9999928740
167.0000000000	173.0000000000	23.6283424707	0.0042030220	0.2345870432	0.0011898488	0.0015426361	0.0001247832	0.9999980945
168.0000000000	169.0000000000	2.7473588172	0.0057574780	0.0351305040	0.0005732715	0.0004320139	-0.0005863237	0.9999995705
168.0000000000	171.0000000000	11.0594948658	0.0377282208	0.1364867123	0.0028876227	0.0015399893	0.0018537271	0.9999929269
168.0000000000	173.0000000000	19.5253338964	0.1302663958	0.2203158780	0.0011793336	0.0006235066	0.0033271072	0.9999935754
169.0000000000	170.0000000000	4.1343568720	0.0131174853	0.0524556111	0.0017950213	-0.0015925994	0.0008630301	0.9999967483
169.0000000000	171.0000000000	8.3120049577	0.0418387639	0.1085003756	0.0023126493	0.0011107332	0.0024404105	0.9999937311
169.0000000000	176.0000000000	29.6413341389	0.2942932306	0.3376442164	0.0012123533	0.0009743439	0.0036711091	0.9999920519
170.0000000000	171.0000000000	4.1778487323	0.0216883567	0.0426461258	0.0005224764	0.0027057039	0.0015717010	0.9999949680
170.0000000000	173.0000000000	12.6439118066	0.1099219174	0.1063724521	-0.0011843473	0.0017931841	0.0030492321	0.9999930420
170.0000000000	176.0000000000	25.5082026867	0.2380303325	0.2030025846	-0.0005759703	0.0025724710	0.0028043943	0.9999925930
171.0000000000	172.0000000000	4.2206681397	0.0393622134	0.0477705252	-0.0023994676	0.0002555935	0.0012345675	0.9999963265
171.0000000000	176.0000000000	21.3297503495	0.1495171806	0.2755967748	-0.0011019847	-0.0001308552	0.0012297887	0.9999986281
171.0000000000	177.0000000000	25.6952282132	0.1872261873	0.3288271869	-0.0014219336	-0.0005994053	0.0016544299	0.9999974408
172.0000000000	176.0000000000	17.1091816993	0.0667948139	0.2369885553	0.0012970081	-0.0003880382	-0.0000053768	0.9999990836
172.0000000000	177.0000000000	21.4747111825	0.0934636109	0.2926029224	0.0009763698	-0.0008572106	0.0004180583	0.9999990686
173.0000000000	176.0000000000	12.8643960853	0.0493699018	0.1429733452	0.0006111876	0.0007777174	-0.0002428207	0.9999994813
173.0000000000	177.0000000000	17.2300531987	0.0740458584	0.1883711662	0.0002909325	0.0003089117	0.0001813096	0.9999998935
176.0000000000	177.0000000000	4.3655716096	0.0268562056	0.0521574375	-0.0003204707	-0.0004686243	0.0004241676	0.9999997489
212.0000000000	214.0000000000	8.1517736823	-0.0277768964	0.0877891943	-0.0008655878	0.0004902184	-0.0081618693	0.9999661966
212.0000000000	216.0000000000	18.3077713126	-0.2122856267	0.1641579988	-0.0012220719	0.0031394576	-0.0153312043	0.9998767947
212.0000000000	217.0000000000	22.7148618963	-0.3330033909	0.1884401783	-0.0012479904	0.0049173067	-0.0177514242	0.9998295603
213.0000000000	215.0000000000	8.4431984574	-0.0217949298	-0.0433250176	-0.0000907058	0.0062787890	-0.0068267070	0.9999569814
213.0000000000	216.0000000000	14.3265649116	-0.0985067386	-0.0753153862	-0.0002408712	0.0100018922	-0.0112075399	0.9998871412
213.0000000000	219.0000000000	26.0978862969	-0.3608636429	-0.1728761941	-0.0006177759	0.0108146776	-0.0153543617	0.9998234368
214.0000000000	216.0000000000	10.1575755410	-0.0188494626	0.0861503195	-0.0003746586	0.0026524885	-0.0071677035	0.9999707236
214.0000000000	217.0000000000	14.5660230177	-0.0676602050	0.1146070613	-0.0004139394	0.0044321851	-0.0095866998	0.9999441382
214.0000000000	219.0000000000	21.9307980647	-0.1860089772	0.1616496921	-0.0007243585	0.0034634618	-0.0113175507	0.9999296939
215.0000000000	216.0000000000	5.8838069678	0.0036215670	0.0418892373	-0.0001480761	0.0037227518	-0.0043817262	0.9999834597
215.0000000000	219.0000000000	17.6579175973	-0.0979868301	0.0921375475	-0.0005044807	0.0045337066	-0.0085311001	0.9999532046
215.0000000000	361.0000000000	1.7963909987	15.2611479300	-0.2316415323	-0.0138866414	0.0175203265	0.9997406725	0.0043343990
216.0000000000	219.0000000000	11.7738432564	0.0015447136	0.1378947572	-0.0003445091	0.0008101075	-0.0041506451	0.9999909986
216.0000000000	359.0000000000	3.0206513681	15.2942107860	-0.1584344412	-0.0176132182	0.0173542084	0.9996808492	-0.0051774273
216.0000000000	360.0000000000	-0.6727257282	15.2455017469	-0.2392449473	-0.0196116953	0.0157394222	0.9996795802	-0.0028963718
217.0000000000	219.0000000000	7.3649846073	0.0228061956	0.1122937247	-0.0002934482	-0.0009708640	-0.0017326713	0.9999979846
217.0000000000	357.0000000000	6.0197871769	15.4246967874	-0.0450510978	-0.0191543239	0.0201204589	0.9995922574	-0.0066028780
217.0000000000	358.0000000000	2.2674411515	15.3580473684	-0.1298829946	-0.0197805568	0.0205234776	0.9995650234	-0.0075683877
219.0000000000	226.0000000000	27.6042277900	0.2239935586	0.2819135620	-0.0018049041	0.0021404296	0.0012089336	0.9999953497
219.0000000000	228.0000000000	34.7232729673	0.2661871896	0.3708714424	0.0008536977	0.0024461300	0.0010127773	0.9999961310
219.0000000000	354.0000000000	11.2562939709	15.6244817337	0.1224898173	-0.0196619757	0.0202421674	0.9995920974	-0.0043931944
226.0000000000	228.0000000000	7.1186752234	0.0246023505	0.1195532323	0.0026593803	0.0003028386	-0.0001899139	0.9999964000
226.0000000000	351.0000000000	-2.0043108748	15.5202780742	0.0958820434	-0.0147716780	0.0188701850	0.9997126344	0.0006019520
226.0000000000	352.0000000000	-7.2615186474	15.5144758321	0.0213830098	-0.0162138161	0.0202495971	0.9996634331	0.0002939991
228.0000000000	351.0000000000	-9.1288283849	15.4918442928	-0.1116106874	-0.0150795616	0.0215257434	0.9996544933	0.0003785301
254.0000000000	256.0000000000	6.9957918698	0.0250742037	0.0890993855	-0.0010176746	0.0012223979	-0.0015324791	0.9999975608
254.0000000000	258.0000000000	13.9419076407	0.0329404371	0.1963057491	0.0007192662	0.0011456468	-0.0006446626	0.9999988773
254.0000000000	261.0000000000	23.5245143864	0.0920478356	0.3197452478	0.0004149234	0.0036649240	0.0009755294	0.9999927222
255.0000000000	257.0000000000	8.3578517888	0.0232257582	0.1238205028	-0.0000077319	-0.0011867449	-0.0008210514	0.9999989587
255.0000000000	259.0000000000	13.8935948537	0.0455231143	0.2117694278	0.0024601585	0.0014230018	0.0010573772	0.9999954023
255.0000000000	261.0000000000	20.7172671617	0.1011745282	0.3110601880	0.0010036139	0.0029009226	0.0015627557	0.9999940676
256.0000000000	259.0000000000	9.7043624035	0.0486223484	0.1656382462	0.0028839581	0.0009658434	0.0020068936	0.9999933611
256.0000000000	260.0000000000	13.8015180588	0.0890908187	0.2325942919	0.0008990239	-0.0011044048	0.0025595172	0.9999957104
256.0000000000	264.0000000000	24.5783665705	0.1828357143	0.3752280954	0.0001976294	0.0019160072	0.0005999538	0.9999979650
257.0000000000	259.0000000000	5.5358944779	0.0313880419	0.0748112229	0.0024679731	0.0026117517	0.0018755155	0.9999917851
257.0000000000	263.0000000000	17.7396190115	0.1436375905	0.2090149269	0.0003108797	0.0022426604	0.0011150484	0.9999968152
257.0000000000	264.0000000000	20.4105541066	0.1619988932	0.2353394578	-0.0002205480	0.0035616704	0.0004725990	0.9999935212
258.0000000000	260.0000000000	6.8558577134	0.0483418593	0.1071480362	-0.0008377315	-0.0010257649	0.0016715048	0.9999977260
258.0000000000	264.0000000000	17.6328784585	0.1233976181	0.2478699359	-0.0015365882	0.0019918637	-0.0002932475	0.9999967927
259.0000000000	261.0000000000	6.8234648408	0.0417569914	0.1184715429	-0.0014556908	0.0014806990	0.0004996692	0.9999977194
260.0000000000	263.0000000000	8.1065159215	0.0334135151	0.0894984852	-0.0001679595	0.0017004451	-0.0013181353	0.9999976714
261.0000000000	263.0000000000	5.3794888343	0.0199041298	0.0950304113	-0.0006991527	-0.0018454368	-0.0012685859	0.9999972481
351.0000000000	352.0000000000	5.2571078352	0.0122499556	0.0805191596	0.0013745301	0.0014490969	0.0003009973	0.9999979601
351.0000000000	354.0000000000	14.3072819639	0.0946880032	0.1499482416	-0.0004556142	0.0070827887	0.0035684897	0.9999684457
351.0000000000	356.0000000000	21.9288502263	0.2047319167	0.1727776036	-0.0016726129	0.0063809847	0.0063819656	0.9999578771
352.0000000000	354.0000000000	9.0499862447	0.0772151521	0.0954420861	-0.0018331396	0.0056387672	0.0032571001	0.9999771173
352.0000000000	355.0000000000	12.8779813651	0.1256827117	0.1148917020	-0.0028439208	0.0045091814	0.0047232198	0.9999746350
352.0000000000	357.0000000000	21.7082170680	0.2753183739	0.1749555968	-0.0023451007	0.0042853507	0.0072366357	0.9999618830
353.0000000000	355.0000000000	8.9931713314	0.0740640052	0.0986787258	-0.0010556712	0.0022768817	0.0033718434	0.9999911660
353.0000000000	357.0000000000	17.8234242394	0.1995120702	0.1985775445	-0.0005627790	0.0020478996	0.0058859742	0.9999804222
353.0000000000	358.0000000000	21.5765970223	0.2602661835	0.2404827817	-0.0001755612	0.0026939855	0.0068452050	0.9999729270
354.0000000000	356.0000000000	7.6210706472	0.0555765278	0.1308695865	-0.0012393969	-0.0006986448	0.0028044876	0.9999950553
354.0000000000	357.0000000000	12.6575419282	0.1150889998	0.2228373700	-0.0005388258	-0.0013589284	0.0039741275	0.9999910346
354.0000000000	360.0000000000	23.8335780532	0.2726719720	0.4127562487	-0.0049736058	0.0008992218	0.0025180769	0.9999840568
355.0000000000	357.0000000000	8.8303500084	0.0656462063	0.1403118868	0.0004863799	-0.0002332718	0.0025150246	0.9999966918
355.0000000000	359.0000000000	16.3130956669	0.1549286357	0.2576299801	-0.0023761556	0.0000771041	0.0034142922	0.9999913452
355.0000000000	360.0000000000	20.0072032122	0.1902668765	0.3052857808	-0.0039467481	0.0020328211	0.0010663037	0.9999895769
356.0000000000	358.0000000000	8.7901462834	0.0562431230	0.1473756410	0.0010871820	-0.0000206442	0.0021294554	0.9999971415
356.0000000000	360.0000000000	16.2138518893	0.1254831400	0.2596580243	-0.0037299225	0.0016086782	-0.0002817884	0.9999917102
356.0000000000	361.0000000000	19.7599371515	0.1280328227	0.3262125831	-0.0021285565	-0.0003798856	-0.0031326297	0.9999927558
357.0000000000	359.0000000000	7.4831493923	0.0517588246	0.1137562352	-0.0028615342	0.0003180111	0.0008997943	0.9999954504
357.0000000000	360.0000000000	11.1774074844	0.0685624290	0.1596621241	-0.0044277497	0.0022765296	-0.0014487664	0.9999865567
357.0000000000	362.0000000000	19.1902498718	0.0178510255	0.2941607895	-0.0025613086	-0.0012288299	-0.0105481259	0.9999403316
358.0000000000	360.0000000000	7.4239341144	0.0378690023	0.1118602596	-0.0048136658	0.0016369553	-0.0024128956	0.9999841633
358.0000000000	361.0000000000	10.9699991136	0.0254621275	0.1782795218	-0.0032165986	-0.0003581118	-0.0052616017	0.9999809202
359.0000000000	361.0000000000	7.2403616976	-0.0025016091	0.1123897737	0.0000325326	-0.0000190540	-0.0051991280	0.9999864837
359.0000000000	362.0000000000	11.7069040131	-0.0560294153	0.1876016343	0.0003023196	-0.0015143283	-0.0114521506	0.9999332296
360.0000000000	362.0000000000	8.0122667893	-0.0288482687	0.1706280023	0.0018920035	-0.0034622143	-0.0091105761	0.9999507142
384.0000000000	385.0000000000	4.2593148904	0.0067542243	0.0493757723	0.0005595066	0.0033729699	-0.0024912468	0.9999910518
384.0000000000	388.0000000000	18.1305362295	-0.0587358209	0.2016340781	0.0022399326	0.0022236172	-0.0041861455	0.9999862571
384.0000000000	390.0000000000	27.6024898734	-0.1003547921	0.2977269596	0.0017733481	0.0030179106	-0.0040573115	0.9999856427
385.0000000000	386.0000000000	4.1943999802	0.0138453316	0.0740413972	-0.0008679888	-0.0018916317	-0.0020255094	0.9999957828
385.0000000000	388.0000000000	13.8700305547	0.0038463012	0.2458607522	0.0016889935	-0.0011460874	-0.0016885855	0.9999964912
385.0000000000	390.0000000000	23.3412087932	0.0095648870	0.4058666646	0.0012199996	-0.0003528894	-0.0015617718	0.9999979740
386.0000000000	388.0000000000	9.6761739884	0.0289317030	0.1352304942	0.0025561002	0.0007504296	0.0003327341	0.9999963962
386.0000000000	390.0000000000	19.1477904051	0.0727723812	0.2594477977	0.0020857423	0.0015425675	0.0004611264	0.9999965288
386.0000000000	391.0000000000	24.4813082661	0.0959290225	0.3253686863	0.0022399124	0.0022519342	0.0007725829	0.9999946573
388.0000000000	390.0000000000	9.4714503345	0.0382106353	0.1382256474	-0.0004701890	0.0007926195	0.0001260143	0.9999995674
388.0000000000	392.0000000000	19.8772120142	0.0972261984	0.2795173744	0.0004207023	0.0055945244	0.0033456165	0.9999786654
390.0000000000	391.0000000000	5.3333071741	0.0185486831	0.0822874526	0.0001540206	0.0007099457	0.0003102139	0.9999996880
390.0000000000	392.0000000000	10.4055326786	0.0562533193	0.1578369534	0.0008889349	0.0048002928	0.0032225664	0.9999828909
390.0000000000	395.0000000000	22.1007553206	0.3376078359	0.3225678300	-0.0007632318	0.0061342524	0.0153522534	0.9998630390
391.0000000000	392.0000000000	5.0721351621	0.0345807389	0.0827425333	0.0007341180	0.0040905781	0.0029122486	0.9999871234
391.0000000000	395.0000000000	16.7672835459	0.3087295256	0.2639988711	-0.0009262302	0.0054270024	0.0150405918	0.9998717269
391.0000000000	396.0000000000	19.2935172717	0.4094849908	0.2974994025	-0.0013681500	0.0044455327	0.0178052094	0.9998306556
392.0000000000	395.0000000000	11.6946834267	0.2063679831	0.2765783246	-0.0017059593	0.0013506192	0.0121207506	0.9999241736
392.0000000000	396.0000000000	14.2211051216	0.2924731246	0.3306092636	-0.0021620096	0.0003726455	0.0148843659	0.9998868148
392.0000000000	399.0000000000	21.9153939277	0.4295319516	0.5078969201	-0.0020694298	-0.0029175521	-0.0021948963	0.9999911939
395.0000000000	396.0000000000	2.5276068650	0.0246454077	0.0610467660	-0.0004716652	-0.0009770350	0.0027615765	0.9999955983
395.0000000000	399.0000000000	10.2224365579	-0.0254786541	0.2592700966	-0.0003957280	-0.0042391155	-0.0143231418	0.9998883542
395.0000000000	401.0000000000	14.7023333967	-0.1828117913	0.3629354561	0.0002610772	-0.0042023770	-0.0211459354	0.9997675336
396.0000000000	399.0000000000	7.6948070263	-0.0928039747	0.1831185458	0.0000501839	-0.0032543232	-0.0170859638	0.9998487269
396.0000000000	401.0000000000	12.1739598502	-0.2749720704	0.2778698181	0.0007003639	-0.0032162989	-0.0239090200	0.9997087194
396.0000000000	404.0000000000	19.0212174759	-0.5793149471	0.4488702107	0.0030349157	-0.0071458192	-0.0243319953	0.9996737871
399.0000000000	401.0000000000	4.4832839623	-0.0290032061	0.0655926864	0.0006272344	0.0000483287	-0.0068265341	0.9999765011
399.0000000000	404.0000000000	11.3379106779	-0.0991830561	0.1920176516	0.0030271985	-0.0038408449	-0.0072574458	0.9999617060
399.0000000000	407.0000000000	18.6385396602	-0.2576872170	0.2898924806	0.0030387553	-0.0009377766	-0.0165514056	0.9998579587
400.0000000000	401.0000000000	2.2214895877	0.0023924824	0.0388087857	0.0005397476	-0.0014827518	-0.0017784781	0.9999971736
400.0000000000	405.0000000000	11.4805579898	-0.0049101040	0.2233442256	0.0022461573	0.0002327027	-0.0044703674	0.9999874581
400.0000000000	407.0000000000	16.3775832217	-0.0833564285	0.3065543138	0.0029711362	-0.0024574405	-0.0115000175	0.9999264388
401.0000000000	404.0000000000	6.8549340067	0.0235660713	0.1271163294	0.0024264861	-0.0038729683	-0.0004284491	0.9999894643
401.0000000000	407.0000000000	14.1570377176	-0.0351307248	0.2258326773	0.0024187401	-0.0009757146	-0.0097247173	0.9999493125
401.0000000000	409.0000000000	19.2329310790	-0.1397793843	0.3082959527	-0.0002186135	-0.0030338525	-0.0153168207	0.9998780640
402.0000000000	405.0000000000	7.0250397786	0.0183133318	0.0846324849	0.0017539374	0.0045726705	-0.0024904414	0.9999849059
402.0000000000	407.0000000000	11.9228740716	-0.0405844564	0.1254204883	0.0024537981	0.0018804151	-0.0095220045	0.9999498859
402.0000000000	409.0000000000	16.9991977528	-0.1431118540	0.1788836858	-0.0001990843	-0.0001781201	-0.0151066972	0.9998858517
403.0000000000	406.0000000000	7.1578359017	-0.0248903674	0.0647279836	-0.0005841680	-0.0006542508	-0.0075939957	0.9999707805
403.0000000000	408.0000000000	12.1278652946	-0.1183739076	0.1139973536	0.0011856232	-0.0009132245	-0.0133546743	0.9999097024
403.0000000000	412.0000000000	22.9129952822	-0.4406353571	0.2152604243	0.0026057966	0.0030580473	-0.0168129331	0.9998505806
404.0000000000	406.0000000000	4.8285832640	-0.0099057134	0.0192881196	-0.0033309290	0.0000475147	-0.0063621499	0.9999742125
404.0000000000	409.0000000000	12.3791714632	-0.1520892269	0.0860603549	-0.0027028223	0.0008014143	-0.0148800572	0.9998853116
404.0000000000	412.0000000000	20.5849225662	-0.3861403038	0.1492033215	-0.0001518812	0.0037383509	-0.0155936803	0.9998714111
405.0000000000	407.0000000000	4.8974882929	-0.0342802775	0.0857420266	0.0007387696	-0.0027026445	-0.0070236244	0.9999714089
405.0000000000	409.0000000000	9.9735568915	-0.1112532840	0.1859434164	-0.0018832968	-0.0047772581	-0.0126169137	0.9999072179
405.0000000000	412.0000000000	18.1790703226	-0.3080827456	0.3404097340	0.0006648811	-0.0018339616	-0.0133141410	0.9999094600
406.0000000000	407.0000000000	2.4744509178	-0.0108604863	0.0231902405	0.0032680340	0.0028576221	-0.0029315277	0.9999862800
406.0000000000	409.0000000000	7.5517781758	-0.0465416621	0.0668588999	0.0006234028	0.0007862537	-0.0085157084	0.9999632373
407.0000000000	409.0000000000	5.0771186818	-0.0055309790	0.0728236875	-0.0026224882	-0.0020972758	-0.0055849598	0.9999787659
407.0000000000	412.0000000000	13.2853063709	-0.0868778980	0.1831380165	-0.0000969424	0.0008633242	-0.0062912153	0.9999798327
408.0000000000	409.0000000000	2.5810131711	0.0013317860	0.0229573394	-0.0011510382	0.0010169689	-0.0027550233	0.9999950254
408.0000000000	412.0000000000	10.7900571333	-0.0338881898	0.0819826876	0.0013639215	0.0039857241	-0.0034647426	0.9999851245
408.0000000000	418.0000000000	26.4010990183	0.2402066529	0.1733080120	-0.0029101932	0.0056285248	0.0123589237	0.9999035491
409.0000000000	412.0000000000	8.2089744184	0.0098557143	0.0756944884	0.0025074784	0.0029764960	-0.0007037690	0.9999921788
409.0000000000	418.0000000000	23.8180462964	0.3697125915	0.1995026847	-0.0017873282	0.0045893814	0.0151171365	0.9998735996
412.0000000000	418.0000000000	15.6075473764	0.3826792041	0.2148582314	-0.0043426983	0.0016498772	0.0158038730	0.9998643190
412.0000000000	422.0000000000	23.7923546213	0.6828697279	0.3653039428	-0.0101979760	0.0003214300	0.0126813755	0.9998675316
418.0000000000	422.0000000000	8.1896396238	0.0399408729	0.1789437225	-0.0058703113	-0.0012221785	-0.0031375585	0.9999771005
