idx1	idx2	t_1	t_2	t_3	q_1	q_2	q_3	q_4
10.0000000000	12.0000000000	6.8299222972	0.0252035714	0.0765933042	0.0003048310	0.0026903341	-0.0010872201	0.9999957436
10.0000000000	14.0000000000	12.3545650562	0.0441600537	0.1313181687	-0.0016270370	-0.0008729877	-0.0016730981	0.9999968957
10.0000000000	17.0000000000	19.3212367345	0.0569111362	0.2109696581	-0.0047871648	0.0010486763	-0.0014945456	0.9999868747
11.0000000000	13.0000000000	6.8733970277	0.0111840225	0.0777753735	0.0028822093	0.0002967862	-0.0008924580	0.9999954041
11.0000000000	16.0000000000	13.8067426196	0.0383858444	0.1575070282	-0.0000242186	0.0006950253	-0.0011647198	0.9999990799
11.0000000000	19.0000000000	22.2253154552	0.0732406886	0.2513036680	-0.0033009411	0.0010653426	-0.0004264779	0.9999938935
12.0000000000	13.0000000000	2.7646175886	0.0088067038	0.0429244383	0.0002542208	-0.0021837181	-0.0002325528	0.9999975563
12.0000000000	16.0000000000	9.6974447266	0.0455832577	0.1568750754	-0.0026517825	-0.0017881060	-0.0005130662	0.9999947537
12.0000000000	19.0000000000	18.1154006502	0.0920480111	0.2922113886	-0.0059305417	-0.0014179775	0.0002160667	0.9999813855
13.0000000000	14.0000000000	2.7597448141	0.0235077310	0.0294448178	-0.0021810823	-0.0013824795	-0.0003523195	0.9999966037
13.0000000000	17.0000000000	9.7262787622	0.0547597483	0.1161268501	-0.0053438306	0.0005351127	-0.0001764500	0.9999855629
13.0000000000	19.0000000000	15.3516828983	0.0904878706	0.1822000333	-0.0061839424	0.0007643790	0.0004619262	0.9999804804
14.0000000000	16.0000000000	4.1736140604	0.0192716078	0.0427465879	-0.0007261358	0.0017769042	0.0000829311	0.9999981542
14.0000000000	19.0000000000	12.5922553234	0.0752618160	0.1182494896	-0.0040025122	0.0021436428	0.0008244540	0.9999893524
14.0000000000	20.0000000000	15.4110555013	0.0998279744	0.1406580723	-0.0038846116	0.0029093144	0.0015965480	0.9999869483
15.0000000000	17.0000000000	5.5783318473	0.0314257520	0.0575884602	-0.0028268985	0.0017933238	0.0003807729	0.9999943238
15.0000000000	18.0000000000	8.3853384044	0.0583104805	0.0804634947	-0.0044929890	0.0021578534	0.0004737644	0.9999874661
15.0000000000	20.0000000000	14.0226266250	0.0986898854	0.1327844396	-0.0035486854	0.0027859497	0.0017931455	0.9999882149
16.0000000000	17.0000000000	2.7930021443	0.0160463661	0.0347697848	-0.0024372258	0.0001393050	0.0000972600	0.9999970155
16.0000000000	19.0000000000	8.4183283912	0.0544625396	0.1055021761	-0.0032776641	0.0003664865	0.0007359669	0.9999942905
16.0000000000	21.0000000000	14.0790027513	0.1062440689	0.1708955667	-0.0036718041	0.0013915092	0.0023924544	0.9999894288
17.0000000000	19.0000000000	5.6253166777	0.0369705248	0.0724819220	-0.0008405095	0.0002257063	0.0006391419	0.9999994170
17.0000000000	20.0000000000	8.4440202214	0.0603194343	0.1058437132	-0.0007239562	0.0009889141	0.0014138781	0.9999982494
17.0000000000	23.0000000000	16.9705746738	0.1416883111	0.1985238154	0.0012742815	0.0023679927	0.0038599112	0.9999889349
18.0000000000	20.0000000000	5.6370470403	0.0344587907	0.0769853780	0.0009417429	0.0006217113	0.0013242234	0.9999984865
18.0000000000	22.0000000000	11.3288458806	0.0896958087	0.1438175692	0.0010698203	0.0019627329	0.0031252379	0.9999926180
18.0000000000	24.0000000000	17.0046820105	0.1470287455	0.2057628312	0.0040459021	0.0025646991	0.0034251143	0.9999826606
19.0000000000	21.0000000000	5.6606949092	0.0430049932	0.0698520174	-0.0003940060	0.0010198793	0.0016596970	0.9999980250
19.0000000000	22.0000000000	8.5105847627	0.0687929916	0.0998218747	0.0002459347	0.0021049185	0.0025752959	0.9999944383
19.0000000000	25.0000000000	17.0356611158	0.1398855045	0.1865722437	0.0050296833	0.0030180817	0.0025111530	0.9999796436
20.0000000000	22.0000000000	5.6918325004	0.0402957701	0.0738186853	0.0001287387	0.0013425498	0.0017998358	0.9999974708
20.0000000000	24.0000000000	11.3677139927	0.0827204914	0.1427266218	0.0031054380	0.0019408620	0.0021010082	0.9999910875
20.0000000000	25.0000000000	14.2168647782	0.0981935245	0.1735512270	0.0049132436	0.0022520062	0.0017392462	0.9999838816
21.0000000000	23.0000000000	5.6846106976	0.0280749969	0.0731008715	0.0025096825	0.0011135741	0.0015663647	0.9999950040
21.0000000000	25.0000000000	11.3749618106	0.0590231100	0.1399848914	0.0054261192	0.0019888805	0.0008578035	0.9999829327
21.0000000000	26.0000000000	14.2206060697	0.0758421735	0.1782464870	0.0058471377	0.0016236127	0.0001954350	0.9999815682
22.0000000000	24.0000000000	5.6757936427	0.0220096583	0.0841417681	0.0029773645	0.0005930013	0.0003051016	0.9999953453
22.0000000000	25.0000000000	8.5248894778	0.0272338932	0.1226148649	0.0047862117	0.0009008552	-0.0000542593	0.9999881388
22.0000000000	27.0000000000	14.1796587960	0.0547716094	0.2055347132	0.0030104248	0.0012107512	-0.0014103864	0.9999937411
23.0000000000	25.0000000000	5.6902572233	0.0134877389	0.0794450433	0.0029186122	0.0008689691	-0.0007074870	0.9999951130
23.0000000000	26.0000000000	8.5358480583	0.0215993335	0.1239813809	0.0033397980	0.0005013828	-0.0013684654	0.9999933608
23.0000000000	29.0000000000	15.5597368917	0.0470693172	0.2132618077	-0.0045577781	0.0021250514	-0.0028955470	0.9999831632
24.0000000000	26.0000000000	5.6945826770	0.0139191415	0.0895432236	0.0022308540	-0.0000619371	-0.0010195341	0.9999969900
24.0000000000	28.0000000000	9.9188620118	0.0336399805	0.1518996882	-0.0017009279	0.0013041760	-0.0019419569	0.9999958174
24.0000000000	30.0000000000	15.5010654513	0.0600670213	0.2221050474	-0.0082188337	0.0013333490	-0.0035519341	0.9999590275
25.0000000000	27.0000000000	5.6546115295	0.0289950788	0.0928354362	-0.0017745861	0.0003033001	-0.0013591947	0.9999974557
25.0000000000	28.0000000000	7.0697262164	0.0353992052	0.1142872836	-0.0035099560	0.0009938162	-0.0015856354	0.9999920891
25.0000000000	31.0000000000	15.4250137629	0.0621311903	0.2285651022	-0.0095730966	0.0013666323	-0.0033684487	0.9999475695
26.0000000000	28.0000000000	4.2242395199	0.0286103693	0.0617272943	-0.0039332169	0.0013600423	-0.0009252247	0.9999909120
26.0000000000	29.0000000000	7.0237019853	0.0453137907	0.0960877755	-0.0078989450	0.0016077568	-0.0015364672	0.9999663300
26.0000000000	31.0000000000	12.5795623859	0.0664553965	0.1698117388	-0.0099972415	0.0017280899	-0.0027059838	0.9999448717
27.0000000000	28.0000000000	1.4150779493	0.0101733307	0.0223400842	-0.0017362449	0.0006885590	-0.0002257480	0.9999982302
27.0000000000	30.0000000000	6.9970689761	0.0557784650	0.0993842560	-0.0082532022	0.0007065061	-0.0018397792	0.9999639997
27.0000000000	32.0000000000	12.5530301552	0.0594499066	0.1834988938	-0.0072824026	0.0006932422	-0.0016465095	0.9999718871
28.0000000000	30.0000000000	5.5818607804	0.0478426791	0.0848946975	-0.0065158962	0.0000193008	-0.0016184913	0.9999774614
28.0000000000	32.0000000000	11.1377010443	0.0537157114	0.1766783233	-0.0055452144	0.0000059154	-0.0014245751	0.9999836104
28.0000000000	34.0000000000	15.2446684154	0.0662861019	0.2379062560	-0.0053302983	0.0002135783	-0.0007034393	0.9999855236
29.0000000000	31.0000000000	5.5555038942	0.0369027022	0.0920451151	-0.0020967016	0.0001263801	-0.0011719319	0.9999971072
29.0000000000	32.0000000000	8.3382612070	0.0413118057	0.1389498201	-0.0015797006	-0.0002383251	-0.0008102374	0.9999983956
29.0000000000	35.0000000000	15.1959591415	0.0699340110	0.2456924767	-0.0000020071	0.0009873051	0.0010199536	0.9999989925
30.0000000000	31.0000000000	2.7730246173	0.0128942143	0.0464928548	0.0004532696	0.0003520300	-0.0001667952	0.9999998214
30.0000000000	34.0000000000	9.6626915307	0.0477209853	0.1538162773	0.0011852934	0.0001902301	0.0009163320	0.9999988596
30.0000000000	36.0000000000	15.1400161781	0.0820703937	0.2338828697	0.0044359138	0.0015997973	0.0031088452	0.9999840491
31.0000000000	33.0000000000	4.1451793699	0.0215894300	0.0684714402	0.0007829029	-0.0002353784	0.0003646075	0.9999995994
31.0000000000	34.0000000000	6.8895748374	0.0372276605	0.1121401982	0.0007316699	-0.0001611867	0.0010834575	0.9999991324
31.0000000000	36.0000000000	12.3668277690	0.0734810173	0.1960301164	0.0039812894	0.0012499210	0.0032764727	0.9999859258
32.0000000000	33.0000000000	1.3624762697	0.0098910156	0.0198254727	0.0002655659	0.0001293852	0.0000034489	0.9999999564
32.0000000000	36.0000000000	9.5842588207	0.0559724622	0.1413331874	0.0034655568	0.0016150316	0.0029133844	0.9999884468
32.0000000000	37.0000000000	10.9347216604	0.0721571192	0.1591710571	0.0041904830	0.0014808914	0.0030064480	0.9999856039
33.0000000000	35.0000000000	5.4951977566	0.0295207266	0.0851651574	0.0013113361	0.0010951112	0.0018281787	0.9999968694
33.0000000000	36.0000000000	8.2217486192	0.0460893055	0.1236121733	0.0031996225	0.0014864093	0.0029099545	0.9999895425
33.0000000000	38.0000000000	12.2934744603	0.0944418986	0.1787026243	0.0044393456	0.0010644352	0.0031840752	0.9999845103
34.0000000000	36.0000000000	5.4773506545	0.0245045816	0.0820788487	0.0032515085	0.0014091884	0.0021914725	0.9999913196
34.0000000000	37.0000000000	6.8278280531	0.0387463420	0.1004609969	0.0039763193	0.0012745453	0.0022847148	0.9999886722
34.0000000000	38.0000000000	9.5491346807	0.0669986802	0.1377818759	0.0044909073	0.0009863097	0.0024656682	0.9999863896
35.0000000000	36.0000000000	2.7265010698	0.0067078785	0.0443880854	0.0018878213	0.0003892707	0.0010833402	0.9999975555
35.0000000000	37.0000000000	4.0769653637	0.0180063553	0.0654887616	0.0026123899	0.0002539541	0.0011775075	0.9999958622
35.0000000000	39.0000000000	9.4893617737	0.0611402596	0.1562582003	0.0026205185	-0.0004998156	0.0013658994	0.9999955087
36.0000000000	38.0000000000	4.0717563705	0.0250470496	0.0669595435	0.0012380901	-0.0004246919	0.0002773262	0.9999991049
36.0000000000	39.0000000000	6.7628754873	0.0402139366	0.1169557496	0.0007316260	-0.0008893439	0.0002845251	0.9999992964
36.0000000000	42.0000000000	14.7810996795	0.0883683428	0.2454751626	-0.0000983436	-0.0013933708	-0.0001558096	0.9999990123
37.0000000000	38.0000000000	2.7213017756	0.0161402496	0.0440822632	0.0005137008	-0.0002886858	0.0001827592	0.9999998097
37.0000000000	40.0000000000	8.1043088129	0.0513344792	0.1383277676	-0.0008475698	0.0001863891	-0.0000322348	0.9999996229
37.0000000000	42.0000000000	13.4307024878	0.0776846576	0.2195993258	-0.0008228831	-0.0012575519	-0.0002494932	0.9999988396
38.0000000000	39.0000000000	2.6911700607	0.0137949011	0.0476750021	-0.0005065893	-0.0004645023	0.0000079893	0.9999997638
38.0000000000	41.0000000000	8.0561905119	0.0464096909	0.1315209020	-0.0015499942	0.0006795891	-0.0003071486	0.9999985207
38.0000000000	43.0000000000	13.3744218863	0.0640328368	0.2112961496	0.0010612079	0.0006875566	-0.0007974134	0.9999988826
39.0000000000	40.0000000000	2.6919454797	0.0194435758	0.0409449493	-0.0008547521	0.0009398346	-0.0002219615	0.9999991684
39.0000000000	42.0000000000	8.0184669768	0.0437697699	0.1141896058	-0.0008305037	-0.0005041128	-0.0004392276	0.9999994316
39.0000000000	44.0000000000	13.3449096221	0.0507534945	0.1927612997	0.0027057874	0.0010795656	-0.0014962680	0.9999946372
40.0000000000	41.0000000000	2.6730664879	0.0141214653	0.0429967117	-0.0001887498	0.0002044608	-0.0000921149	0.9999999570
40.0000000000	43.0000000000	7.9912089521	0.0338066102	0.1278769461	0.0024226826	0.0002136564	-0.0005811270	0.9999968736
40.0000000000	45.0000000000	13.2874399813	0.0435193965	0.2157930027	0.0013602950	-0.0018137329	-0.0020135036	0.9999954029
41.0000000000	42.0000000000	2.6532768491	0.0129090446	0.0413935132	0.0002137009	-0.0016481730	-0.0001266304	0.9999986109
41.0000000000	43.0000000000	5.3181028636	0.0206327868	0.0870615200	0.0026115310	0.0000095289	-0.0004884764	0.9999964706
41.0000000000	45.0000000000	10.6142948927	0.0312880311	0.1771461451	0.0015496227	-0.0020176877	-0.0019214535	0.9999949178
42.0000000000	43.0000000000	2.6649614106	0.0084151512	0.0368804839	0.0023970214	0.0016579226	-0.0003661532	0.9999956857
42.0000000000	44.0000000000	5.3265127310	0.0115348203	0.0732173157	0.0035350576	0.0015861074	-0.0010575095	0.9999919346
42.0000000000	47.0000000000	13.2565658963	0.0230935375	0.1750385758	-0.0002194233	0.0021717904	-0.0041164447	0.9999891450
43.0000000000	44.0000000000	2.6614139324	0.0052649896	0.0451425677	0.0011392133	-0.0000730498	-0.0006892964	0.9999991109
43.0000000000	46.0000000000	7.9419420032	0.0289054988	0.1315183700	-0.0029355992	-0.0010344513	-0.0029360250	0.9999908459
43.0000000000	48.0000000000	13.2343597524	0.0178162203	0.2061954503	-0.0034313897	0.0002052711	-0.0050416082	0.9999813826
44.0000000000	45.0000000000	2.6347554287	0.0147685561	0.0445605628	-0.0021988080	-0.0019607754	-0.0007360015	0.9999953894
44.0000000000	47.0000000000	7.9296472590	0.0291406876	0.1268353521	-0.0037502073	0.0005708990	-0.0030669378	0.9999881019
44.0000000000	50.0000000000	17.2289107480	-0.0026675417	0.2530914603	-0.0058331887	-0.0000015983	-0.0069132351	0.9999590897
45.0000000000	46.0000000000	2.6458588865	0.0200825127	0.0306859189	-0.0018791907	0.0009959260	-0.0015034727	0.9999966082
45.0000000000	47.0000000000	5.2951460038	0.0218476352	0.0615893720	-0.0015578414	0.0025356319	-0.0023223219	0.9999928752
45.0000000000	50.0000000000	14.5948678121	0.0032492076	0.1512655769	-0.0036479968	0.0019700032	-0.0061657970	0.9999723967
46.0000000000	47.0000000000	2.6492037895	0.0096055885	0.0362008698	0.0003198408	0.0015417268	-0.0008156388	0.9999984278
46.0000000000	48.0000000000	5.2925343306	0.0195798088	0.0637505176	-0.0005016330	0.0012444276	-0.0021014396	0.9999968919
46.0000000000	51.0000000000	14.6116487821	0.0054140882	0.1743474123	-0.0007365872	0.0017496011	-0.0052328860	0.9999845065
47.0000000000	49.0000000000	5.3060595002	0.0254513101	0.0734745666	-0.0021112503	-0.0008196855	-0.0024526425	0.9999944276
47.0000000000	51.0000000000	11.9619485650	0.0154255852	0.1750260442	-0.0010497815	0.0002056226	-0.0044189472	0.9999896642
47.0000000000	52.0000000000	14.6279044833	0.0025001146	0.2122366071	0.0006533410	0.0008198129	-0.0042383863	0.9999904685
48.0000000000	50.0000000000	6.6559333480	0.0269096822	0.0972064109	-0.0012602940	-0.0002655848	-0.0025625547	0.9999958872
48.0000000000	51.0000000000	9.3187855297	0.0248832228	0.1337935441	-0.0002321242	0.0005062651	-0.0031315014	0.9999949417
48.0000000000	54.0000000000	15.9879158082	0.0136253751	0.2197325110	0.0035052421	0.0016182737	-0.0016223093	0.9999912313
49.0000000000	51.0000000000	6.6560180615	0.0222169549	0.0906690330	0.0010573267	0.0010320537	-0.0019650102	0.9999969778
49.0000000000	52.0000000000	9.3220636054	0.0222208023	0.1234831093	0.0027590829	0.0016500371	-0.0017845489	0.9999932401
49.0000000000	55.0000000000	16.0168646713	0.0366088081	0.1978293025	0.0056507771	0.0023419063	0.0006719258	0.9999810662
50.0000000000	52.0000000000	5.3288654226	0.0189841421	0.0693757492	0.0027268793	0.0013955635	-0.0003873697	0.9999952332
50.0000000000	53.0000000000	6.6565265876	0.0213661952	0.0871827576	0.0035132122	0.0014130161	-0.0001522746	0.9999928187
50.0000000000	55.0000000000	12.0235615280	0.0520786560	0.1471767070	0.0056169696	0.0020915472	0.0020698116	0.9999798953
51.0000000000	53.0000000000	3.9935778069	0.0144852838	0.0581651668	0.0024864968	0.0006396623	0.0004172416	0.9999966170
51.0000000000	55.0000000000	9.3604718991	0.0514261330	0.1264122369	0.0045881575	0.0013216784	0.0026402519	0.9999851154
51.0000000000	58.0000000000	17.4399109057	0.1187980827	0.2302881402	0.0155837896	0.0017092774	0.0060354875	0.9998588884
52.0000000000	55.0000000000	6.6944227960	0.0387529094	0.0962900409	0.0028864199	0.0007038223	0.0024592994	0.9999925625
52.0000000000	57.0000000000	12.0868092484	0.0924457765	0.1780582311	0.0062542119	-0.0009867886	0.0045220684	0.9999697305
52.0000000000	60.0000000000	18.7924572523	0.1645405170	0.2741865451	0.0136029967	-0.0029087185	0.0058652336	0.9998860419
53.0000000000	55.0000000000	5.3668322384	0.0328184746	0.0749359994	0.0021005448	0.0006866722	0.0022226572	0.9999950880
53.0000000000	57.0000000000	10.7592401203	0.0840929950	0.1568185028	0.0054679166	-0.0010031112	0.0042868216	0.9999753591
53.0000000000	60.0000000000	17.4649174917	0.1531716886	0.2530806036	0.0128162863	-0.0029257182	0.0056316528	0.9998977285
54.0000000000	56.0000000000	5.4055556222	0.0341489051	0.0746082628	0.0011676665	-0.0001651305	0.0023127499	0.9999966302
54.0000000000	58.0000000000	10.7708279467	0.0568930394	0.1612454501	0.0118468818	0.0005850409	0.0045354541	0.9999193661
54.0000000000	61.0000000000	17.4611791086	0.1359636316	0.2826202576	0.0126625124	-0.0017465806	0.0037681050	0.9999112019
55.0000000000	57.0000000000	5.3924690904	0.0276632508	0.0891224782	0.0033622227	-0.0016929105	0.0020700591	0.9999907721
55.0000000000	59.0000000000	9.4210259248	0.0300871865	0.1488422240	0.0125255498	-0.0008750679	0.0040178241	0.9999130972
55.0000000000	61.0000000000	14.7698501838	0.0899292805	0.2487410617	0.0118057408	-0.0019588865	0.0026430926	0.9999248978
56.0000000000	58.0000000000	5.3653441164	-0.0018721251	0.0848400372	0.0106813731	0.0007280521	0.0022202368	0.9999402226
56.0000000000	59.0000000000	6.7070045481	-0.0007053623	0.1078995359	0.0122130886	-0.0005229532	0.0028296386	0.9999212770
56.0000000000	61.0000000000	12.0560238201	0.0465331154	0.2038553340	0.0114914909	-0.0016063440	0.0014554972	0.9999316211
57.0000000000	58.0000000000	2.6869928612	-0.0128198973	0.0266314470	0.0076370288	0.0020558057	0.0013184538	0.9999678551
57.0000000000	60.0000000000	6.7062069550	0.0125600394	0.0823659962	0.0073417196	-0.0019467871	0.0013482701	0.9999702452
57.0000000000	62.0000000000	12.0659379276	0.0127663118	0.1626813711	0.0130705654	0.0020473095	0.0002335839	0.9999124533
58.0000000000	60.0000000000	4.0190053932	0.0157561107	0.0719435690	-0.0003006594	-0.0040018519	0.0000597725	0.9999919456
58.0000000000	61.0000000000	6.6906546474	0.0213295932	0.1280099306	0.0008055304	-0.0023442184	-0.0007391505	0.9999966547
58.0000000000	63.0000000000	12.0554216596	0.0012722622	0.2111178914	0.0055245230	0.0004215618	-0.0015484117	0.9999834520
59.0000000000	60.0000000000	2.6775203389	0.0168265567	0.0401600005	-0.0018316671	-0.0027537666	-0.0005576156	0.9999943754
59.0000000000	62.0000000000	8.0370817627	-0.0020989432	0.1292771682	0.0039060544	0.0012189250	-0.0017041472	0.9999901764
59.0000000000	64.0000000000	13.4065739777	0.0038540829	0.1877342414	0.0006640453	0.0004516778	-0.0031677654	0.9999946601
60.0000000000	62.0000000000	5.3599861658	-0.0132201465	0.0595399155	0.0057323113	0.0039779579	-0.0011550521	0.9999749908
60.0000000000	63.0000000000	8.0372725476	-0.0155073817	0.0748429318	0.0058189606	0.0044234812	-0.0016301528	0.9999719572
60.0000000000	65.0000000000	13.4532930278	-0.0010583235	0.1010179343	0.0005755100	0.0035692113	-0.0030073657	0.9999889426
61.0000000000	63.0000000000	5.3651224363	-0.0120113296	0.0579815173	0.0047150446	0.0027685751	-0.0008225580	0.9999847133
61.0000000000	65.0000000000	10.7809960998	0.0112118655	0.1020714862	-0.0005254428	0.0019085506	-0.0022075054	0.9999956041
61.0000000000	67.0000000000	16.1906145761	0.0293892380	0.1655251093	-0.0069211815	-0.0010200830	-0.0014313973	0.9999745036
62.0000000000	64.0000000000	5.3692819778	0.0247625974	0.0714289950	-0.0032389000	-0.0007784850	-0.0014645501	0.9999933793
62.0000000000	65.0000000000	8.0926755578	0.0317032198	0.1056169808	-0.0051489074	-0.0004253653	-0.0018704220	0.9999849046
62.0000000000	68.0000000000	14.8558841824	0.0640941932	0.2153479113	-0.0134719835	-0.0028549716	-0.0011306322	0.9999045337
63.0000000000	65.0000000000	5.4155005849	0.0326905732	0.0738136031	-0.0052359173	-0.0008708799	-0.0013953719	0.9999849397
63.0000000000	66.0000000000	8.1080224687	0.0409472145	0.1186762324	-0.0070409296	-0.0019238537	-0.0010403016	0.9999728206
63.0000000000	69.0000000000	14.8910269065	0.0886294618	0.2351629658	-0.0151189132	-0.0010627300	-0.0010150164	0.9998846227
64.0000000000	65.0000000000	2.7234100527	0.0147079042	0.0300178510	-0.0019108551	0.0003516280	-0.0004032507	0.9999980312
64.0000000000	67.0000000000	8.1327035622	0.0526391327	0.1101966335	-0.0083024539	-0.0025874501	0.0003669424	0.9999621191
64.0000000000	70.0000000000	14.9582939806	0.0991811064	0.2008910582	-0.0096249725	0.0008660983	0.0011903242	0.9999525953
65.0000000000	66.0000000000	2.6925633729	0.0153239035	0.0402980427	-0.0018032712	-0.0010573473	0.0003511066	0.9999977535
65.0000000000	69.0000000000	9.4756036391	0.0807720994	0.1455670252	-0.0098827736	-0.0002077180	0.0003878137	0.9999510674
65.0000000000	71.0000000000	15.0071188880	0.1225413130	0.2290324801	-0.0089031105	-0.0033495519	0.0033732224	0.9999490670
66.0000000000	68.0000000000	4.0707229487	0.0381871994	0.0556733076	-0.0065153760	-0.0013900663	0.0003839410	0.9999777348
66.0000000000	70.0000000000	9.5424585889	0.0711813082	0.1196116736	-0.0059098625	0.0015654825	0.0012497987	0.9999805302
66.0000000000	72.0000000000	13.7193982450	0.1220138190	0.1803616392	-0.0090206648	-0.0028525677	0.0033376110	0.9999496741
67.0000000000	68.0000000000	1.3540430827	0.0123305791	0.0125020424	-0.0019275226	0.0004957477	-0.0000228169	0.9999980192
67.0000000000	70.0000000000	6.8260056537	0.0403168470	0.0560919319	-0.0013191529	0.0034470436	0.0008554475	0.9999928229
67.0000000000	73.0000000000	13.8037645801	0.1286047948	0.1320950626	-0.0070609272	0.0013467252	0.0029517096	0.9999698081
68.0000000000	70.0000000000	5.4719144807	0.0280571519	0.0491199302	0.0006078561	0.0029496139	0.0008842537	0.9999950742
68.0000000000	71.0000000000	8.2445923865	0.0521616968	0.0851906616	-0.0005788714	-0.0009221236	0.0026364166	0.9999959319
68.0000000000	73.0000000000	12.4495893255	0.1163564075	0.1323774918	-0.0051349428	0.0008451393	0.0029736140	0.9999820377
69.0000000000	71.0000000000	5.5315791364	0.0358449423	0.0819309082	0.0009790014	-0.0031715658	0.0029540119	0.9999901282
69.0000000000	72.0000000000	6.9359393983	0.0594935980	0.1020103102	-0.0009445175	-0.0037313201	0.0032599697	0.9999872788
69.0000000000	73.0000000000	9.7362776593	0.1025569788	0.1482038932	-0.0035783979	-0.0014062652	0.0032837383	0.9999872172
70.0000000000	71.0000000000	2.7724544415	0.0192555787	0.0524013979	-0.0011953137	-0.0038696064	0.0017510069	0.9999902656
70.0000000000	73.0000000000	6.9772057975	0.0760871819	0.1243217270	-0.0057507864	-0.0020980767	0.0020737036	0.9999791129
70.0000000000	75.0000000000	11.1544531350	0.1081407019	0.1835066643	-0.0049168634	-0.0000644399	0.0019848425	0.9999859403
71.0000000000	72.0000000000	1.4045753782	0.0153811818	0.0111326906	-0.0019241785	-0.0005537761	0.0003126125	0.9999979466
71.0000000000	75.0000000000	8.3830264787	0.0592907849	0.0664075140	-0.0037139496	0.0038113492	0.0002527901	0.9999858080
71.0000000000	76.0000000000	9.7729127553	0.0616154335	0.0767681322	-0.0024203753	0.0042063358	0.0002000954	0.9999882042
72.0000000000	73.0000000000	2.8008265507	0.0247367291	0.0253577882	-0.0026261798	0.0023335888	0.0000357913	0.9999938281
72.0000000000	75.0000000000	6.9785307217	0.0393518798	0.0477048696	-0.0017884610	0.0043657828	-0.0000504285	0.9999888693
72.0000000000	77.0000000000	11.1579142208	0.0418530993	0.0685771771	0.0019779572	0.0053774202	-0.0003727323	0.9999835159
73.0000000000	74.0000000000	1.3745161384	0.0059867974	0.0155707475	0.0000279904	0.0012288134	-0.0001765199	0.9999992290
73.0000000000	76.0000000000	5.5674003812	0.0154003196	0.0572430817	0.0021317719	0.0024271659	-0.0001275237	0.9999947741
73.0000000000	78.0000000000	11.2027402716	0.0139484559	0.0995412204	0.0084586230	0.0039758404	-0.0008064615	0.9999559960
74.0000000000	75.0000000000	2.8029637158	0.0091491435	0.0332387681	0.0008097215	0.0008037238	0.0000985645	0.9999993443
74.0000000000	77.0000000000	6.9820914265	0.0126656715	0.0839004170	0.0045770924	0.0018167507	-0.0002076922	0.9999878532
74.0000000000	81.0000000000	18.3828877037	0.0676140695	0.1976063377	-0.0036911419	0.0016371391	-0.0020202958	0.9999898068
75.0000000000	76.0000000000	1.3897676592	0.0015055114	0.0209690591	0.0012938643	0.0003948416	-0.0000462978	0.9999990839
75.0000000000	78.0000000000	7.0248871962	0.0010335578	0.0861744736	0.0076219920	0.0019435218	-0.0007136760	0.9999688088
75.0000000000	82.0000000000	18.4308729439	0.0472356524	0.2280157898	-0.0020395510	0.0008478846	-0.0011167832	0.9999969371
76.0000000000	77.0000000000	2.7892451126	0.0016318549	0.0386027707	0.0024739392	0.0006173574	-0.0002575723	0.9999967161
76.0000000000	80.0000000000	11.3240275845	0.0540262680	0.1394421309	-0.0057187415	-0.0011220653	-0.0020173596	0.9999809834
76.0000000000	82.0000000000	17.0409283068	0.0478714030	0.2203798850	-0.0033330082	0.0004515056	-0.0010723873	0.9999937686
77.0000000000	78.0000000000	2.8457799480	0.0002217428	0.0345701051	0.0038544586	0.0009307501	-0.0004092385	0.9999920547
77.0000000000	80.0000000000	8.5346241007	0.0573079456	0.1111101953	-0.0081910790	-0.0017458744	-0.0017605380	0.9999633787
77.0000000000	82.0000000000	14.2514233549	0.0545111067	0.1991316526	-0.0058063733	-0.0001693635	-0.0008179861	0.9999827940
78.0000000000	80.0000000000	5.6886424090	0.0623755738	0.0866680141	-0.0120429794	-0.0026867100	-0.0013521960	0.9999229569
78.0000000000	82.0000000000	11.4052669840	0.0649815343	0.1853306810	-0.0096598892	-0.0011056210	-0.0004135009	0.9999526455
78.0000000000	83.0000000000	14.2966776742	0.0806664081	0.2269697389	-0.0104590014	-0.0012526271	-0.0000572327	0.9999445169
79.0000000000	80.0000000000	2.8580741637	0.0399670015	0.0158879244	-0.0076549108	0.0017286543	-0.0011050633	0.9999685960
79.0000000000	82.0000000000	8.5753482015	0.0442774807	0.0641308149	-0.0052679213	0.0033062102	-0.0001699485	0.9999806444
79.0000000000	85.0000000000	15.8290274700	0.0920168100	0.1074029015	-0.0061110840	0.0031912188	0.0006270923	0.9999760385
80.0000000000	82.0000000000	5.7170500363	0.0160554574	0.0681647247	0.0023836457	0.0015729645	0.0009513023	0.9999954695
80.0000000000	83.0000000000	8.6085933249	0.0387376863	0.0947268724	0.0015856564	0.0014205790	0.0013079059	0.9999968785
80.0000000000	86.0000000000	15.8900089513	0.0987500416	0.1646712781	0.0016707506	0.0013857148	0.0021928976	0.9999952398
81.0000000000	82.0000000000	2.8511581653	0.0032936245	0.0434225196	0.0024586576	0.0000164186	0.0010084929	0.9999964688
81.0000000000	83.0000000000	5.7426017660	0.0262809063	0.0789907923	0.0016601222	-0.0001360387	0.0013638422	0.9999976827
81.0000000000	85.0000000000	10.1042617086	0.0669685547	0.1352117511	0.0016130066	-0.0001056984	0.0018018409	0.9999970702
82.0000000000	83.0000000000	2.8914836316	0.0173285534	0.0355641626	-0.0007986958	-0.0001507786	0.0003557093	0.9999996064
82.0000000000	85.0000000000	7.2532160114	0.0494927131	0.0917493290	-0.0008457863	-0.0001193142	0.0007936307	0.9999993203
82.0000000000	86.0000000000	10.1727449598	0.0638739517	0.1281633874	-0.0007150236	-0.0001836107	0.0012409150	0.9999989576
83.0000000000	84.0000000000	1.4682051003	0.0092915669	0.0163526432	-0.0003807894	0.0004808434	0.0002427538	0.9999997824
83.0000000000	86.0000000000	7.2813208624	0.0412214584	0.0904699326	0.0000837935	-0.0000335691	0.0008851671	0.9999996042
83.0000000000	87.0000000000	10.2239597415	0.0649296578	0.1307598184	-0.0000393099	-0.0001514396	0.0011064316	0.9999993757
84.0000000000	85.0000000000	2.8935368046	0.0182469223	0.0413618793	0.0003335728	-0.0004498673	0.0001951889	0.9999998241
84.0000000000	86.0000000000	5.8130562306	0.0290489746	0.0797326946	0.0004641489	-0.0005147697	0.0006424406	0.9999995534
84.0000000000	87.0000000000	8.7556659701	0.0512967213	0.1228708831	0.0003409105	-0.0006326945	0.0008636009	0.9999993688
85.0000000000	86.0000000000	2.9195557531	0.0096876140	0.0357375900	0.0001307646	-0.0000647787	0.0004472144	0.9999998894
85.0000000000	87.0000000000	5.8622105583	0.0308150730	0.0762141438	0.0000076028	-0.0001826058	0.0006684696	0.9999997599
85.0000000000	88.0000000000	8.8151878424	0.0492659541	0.1160383967	-0.0004127262	-0.0002034085	0.0012641796	0.9999990951
86.0000000000	87.0000000000	2.9426783284	0.0185052026	0.0400904459	-0.0001232002	-0.0001177432	0.0002212786	0.9999999610
86.0000000000	88.0000000000	5.8956766558	0.0343244220	0.0795279570	-0.0005434997	-0.0001382799	0.0008170189	0.9999995090
86.0000000000	90.0000000000	11.8009349959	0.0694890903	0.1586999702	0.0003203514	0.0001549558	0.0009170618	0.9999995162
87.0000000000	88.0000000000	2.9530131378	0.0145027382	0.0387451508	-0.0004202339	-0.0000205173	0.0005957871	0.9999997340
87.0000000000	89.0000000000	5.8934057270	0.0324342466	0.0773834653	-0.0003058110	0.0001561040	0.0007772808	0.9999996390
87.0000000000	92.0000000000	14.8040959042	0.0789727765	0.1907830611	0.0006745522	0.0006318292	0.0004314610	0.9999994798
88.0000000000	89.0000000000	2.9404128924	0.0143952163	0.0385309341	0.0001145319	0.0001764768	0.0001815658	0.9999999614
88.0000000000	91.0000000000	8.8734172528	0.0374517347	0.1141800586	0.0018828684	0.0009657136	-0.0000067107	0.9999977611
88.0000000000	93.0000000000	13.3649380265	0.0579359004	0.1689504523	0.0005296180	0.0011118240	-0.0002042646	0.9999992208
89.0000000000	90.0000000000	2.9649053869	0.0099672818	0.0400830940	0.0007496077	0.0001158530	-0.0000813636	0.9999997090
89.0000000000	92.0000000000	8.9107208406	0.0326166278	0.1162054698	0.0009807863	0.0004750688	-0.0003455209	0.9999993465
89.0000000000	94.0000000000	13.4284669421	0.0478429112	0.1626572791	0.0006017922	0.0023201731	-0.0010161140	0.9999966111
90.0000000000	92.0000000000	5.9457931226	0.0237311747	0.0774656800	0.0002311804	0.0003590364	-0.0002643997	0.9999998739
90.0000000000	93.0000000000	7.4595680387	0.0311744369	0.0956901557	-0.0003343147	0.0008191189	-0.0003051538	0.9999995621
90.0000000000	94.0000000000	10.4635252185	0.0397623829	0.1249411400	-0.0001478840	0.0022036074	-0.0009364197	0.9999971227
91.0000000000	92.0000000000	2.9776600069	0.0129606013	0.0431222239	-0.0007875447	-0.0003142526	-0.0001575320	0.9999996281
91.0000000000	93.0000000000	4.4914064981	0.0207674819	0.0633690942	-0.0013530611	0.0001457276	-0.0001991356	0.9999990542
91.0000000000	96.0000000000	13.5730402796	0.0442672088	0.1636271610	-0.0018999258	0.0012067429	-0.0014211813	0.9999964571
92.0000000000	93.0000000000	1.5137566827	0.0082530531	0.0193080678	-0.0005656021	0.0004599236	-0.0000410635	0.9999997334
92.0000000000	95.0000000000	7.5416127007	0.0281797739	0.0837192166	-0.0008114339	0.0006839202	-0.0013079030	0.9999985816
92.0000000000	97.0000000000	13.6360012036	0.0395370411	0.1455235648	-0.0013230006	0.0019753307	-0.0009494340	0.9999967232
93.0000000000	94.0000000000	3.0038978024	0.0104008709	0.0341797235	0.0001865245	0.0013847573	-0.0006306513	0.9999988250
93.0000000000	95.0000000000	6.0277917203	0.0203448586	0.0699801873	-0.0002452587	0.0002247036	-0.0012668256	0.9999991423
93.0000000000	98.0000000000	15.1648451737	0.0404468590	0.1697017889	-0.0021092292	0.0018624830	-0.0010449511	0.9999954952
94.0000000000	95.0000000000	3.0237703635	0.0137715173	0.0441689166	-0.0004301706	-0.0011604439	-0.0006365546	0.9999990316
94.0000000000	97.0000000000	9.1178721369	0.0332675147	0.1284626446	-0.0009432659	0.0001304875	-0.0002785420	0.9999995078
94.0000000000	99.0000000000	15.2108526639	0.0576456357	0.2061259396	-0.0017067594	0.0008114198	-0.0003278281	0.9999981605
95.0000000000	96.0000000000	3.0537625225	0.0142177060	0.0343717009	-0.0003027138	0.0008374617	0.0000462727	0.9999996024
95.0000000000	97.0000000000	6.0942489779	0.0271891443	0.0701717852	-0.0005135011	0.0012904504	0.0003591635	0.9999989710
95.0000000000	99.0000000000	12.1873551101	0.0592646722	0.1337199607	-0.0012774851	0.0019709161	0.0003110555	0.9999971934
96.0000000000	97.0000000000	3.0404232106	0.0126663609	0.0408994600	-0.0002110283	0.0004529041	0.0003128512	0.9999998262
96.0000000000	99.0000000000	9.1334168880	0.0441354772	0.1146704328	-0.0009749410	0.0011334206	0.0002643096	0.9999988475
96.0000000000	100.0000000000	10.6673491294	0.0461936514	0.1270971000	-0.0003138489	0.0015760912	0.0003046722	0.9999986623
97.0000000000	98.0000000000	3.0425967343	0.0137858741	0.0415372337	-0.0013522914	0.0003454711	-0.0001388790	0.9999990163
97.0000000000	99.0000000000	6.0929463370	0.0276248941	0.0793040703	-0.0007636778	0.0006807662	-0.0000487436	0.9999994755
97.0000000000	102.0000000000	13.7937582520	0.0426184447	0.1684636056	0.0033908811	0.0018602042	-0.0001457316	0.9999925101
98.0000000000	99.0000000000	3.0503165405	0.0145815936	0.0399130493	0.0005885360	0.0003352544	0.0000907924	0.9999997665
98.0000000000	101.0000000000	7.6692043920	0.0225913563	0.0940434755	0.0032584606	0.0009811752	0.0001342491	0.9999942008
98.0000000000	102.0000000000	10.7510548147	0.0314666116	0.1344369304	0.0047429526	0.0015154010	-0.0000031668	0.9999876039
99.0000000000	100.0000000000	1.5339008954	0.0012202526	0.0159079405	0.0006611625	0.0004424559	0.0000415431	0.9999996827
99.0000000000	102.0000000000	7.7006769821	0.0156022848	0.0996703797	0.0041545614	0.0011797180	-0.0000932602	0.9999906696
99.0000000000	105.0000000000	16.9199267563	0.0417174923	0.1929651854	0.0043231856	0.0015067841	-0.0018673500	0.9999877763
100.0000000000	101.0000000000	3.0849146708	0.0058166184	0.0440323042	0.0020088175	0.0002031693	0.0000031842	0.9999979617
100.0000000000	103.0000000000	9.2291168212	0.0196948842	0.1205743803	0.0052361780	0.0014563778	-0.0005305252	0.9999850899
100.0000000000	105.0000000000	15.3858685836	0.0394589476	0.1906115816	0.0036629181	0.0010629192	-0.0019079746	0.9999909064
101.0000000000	102.0000000000	3.0817677691	0.0083312984	0.0463836511	0.0014847114	0.0005335830	-0.0001376985	0.9999987460
101.0000000000	103.0000000000	6.1441694930	0.0141532167	0.0789811070	0.0032274923	0.0012521258	-0.0005355698	0.9999938643
101.0000000000	106.0000000000	15.3960187742	0.0402943889	0.1886587289	0.0008694927	0.0008569627	-0.0027536327	0.9999954635
102.0000000000	103.0000000000	3.0623655235	0.0067656482	0.0358475200	0.0017429002	0.0007181941	-0.0003980086	0.9999981440
102.0000000000	105.0000000000	9.2190048677	0.0286962315	0.1148145640	0.0001706972	0.0003197107	-0.0017752330	0.9999983586
102.0000000000	107.0000000000	15.4029765938	0.0334061923	0.1990131425	-0.0006431270	-0.0000416289	-0.0035196095	0.9999935985
103.0000000000	104.0000000000	3.0806513844	0.0117639111	0.0433383681	-0.0001689916	-0.0004442853	-0.0005132599	0.9999997553
103.0000000000	105.0000000000	6.1564943923	0.0271228701	0.0877251551	-0.0015710537	-0.0004015092	-0.0013776564	0.9999977363
103.0000000000	108.0000000000	15.4242956867	0.0246828703	0.2272424258	-0.0017182958	0.0000373777	-0.0041443091	0.9999899353
104.0000000000	105.0000000000	3.0758643453	0.0185020611	0.0416595611	-0.0014024680	0.0000422020	-0.0008637672	0.9999986426
104.0000000000	106.0000000000	6.1709073063	0.0313726993	0.0838339321	-0.0021867911	0.0000398654	-0.0017054894	0.9999961538
104.0000000000	108.0000000000	12.3437850638	0.0255306087	0.1729429520	-0.0015511656	0.0004814772	-0.0036302837	0.9999920915
105.0000000000	106.0000000000	3.0950129731	0.0180993777	0.0424780984	-0.0007842875	-0.0000018337	-0.0008417595	0.9999993382
105.0000000000	108.0000000000	9.2678849451	0.0226718515	0.1321044608	-0.0001489694	0.0004430268	-0.0027659093	0.9999960656
105.0000000000	111.0000000000	18.5676865988	0.0075446787	0.2679223275	0.0016251643	-0.0013989291	-0.0014740325	0.9999966145
106.0000000000	107.0000000000	3.0888262987	0.0137257306	0.0456753453	-0.0000280344	-0.0003605619	-0.0009031052	0.9999995268
106.0000000000	109.0000000000	9.2719379189	0.0115326504	0.1353788390	0.0017369142	-0.0003802061	-0.0022446571	0.9999959000
106.0000000000	111.0000000000	15.4726762280	0.0151334166	0.2253964988	0.0024106220	-0.0013945703	-0.0006333758	0.9999959214
107.0000000000	108.0000000000	3.0840562060	0.0066650627	0.0417210852	0.0006618738	0.0008080921	-0.0010209158	0.9999989333
107.0000000000	110.0000000000	9.2778015213	0.0144595466	0.1241212940	0.0018513096	-0.0008949851	-0.0005426392	0.9999977386
107.0000000000	112.0000000000	15.4987362840	0.0419600310	0.2130402318	0.0023725377	-0.0008771008	0.0008094177	0.9999964733
108.0000000000	109.0000000000	3.0990267894	0.0086968539	0.0485233272	0.0011037110	-0.0008251915	-0.0003198393	0.9999989993
108.0000000000	111.0000000000	9.2996214481	0.0362765602	0.1440615075	0.0017786495	-0.0018372336	0.0012923839	0.9999958954
108.0000000000	113.0000000000	15.5392016182	0.0842888262	0.2409809614	0.0019741134	-0.0007960447	0.0023910673	0.9999948760
109.0000000000	110.0000000000	3.0946080752	0.0139305186	0.0387333808	0.0000880189	-0.0008754406	0.0008010966	0.9999992921
109.0000000000	111.0000000000	6.2007276380	0.0317450155	0.0852411233	0.0006765951	-0.0010100480	0.0016127809	0.9999979605
109.0000000000	114.0000000000	15.6117526546	0.1201312541	0.2069034503	0.0001998020	0.0008538972	0.0026953816	0.9999959829
110.0000000000	111.0000000000	3.1062195740	0.0128453854	0.0410667550	0.0005891787	-0.0001350088	0.0008111815	0.9999994883
110.0000000000	112.0000000000	6.2210489692	0.0345598904	0.0776709479	0.0005224289	0.0000206692	0.0013515533	0.9999989500
110.0000000000	115.0000000000	15.7039419726	0.1132716584	0.1749519451	0.0001527533	0.0016736866	0.0014766577	0.9999974975
111.0000000000	112.0000000000	3.1148708272	0.0167032730	0.0357405787	-0.0000665502	0.0001560504	0.0005402892	0.9999998397
111.0000000000	113.0000000000	6.2399989146	0.0321857425	0.0738513893	0.0001988295	0.0010428846	0.0010964687	0.9999988353
111.0000000000	115.0000000000	12.5979065741	0.0801419645	0.1303775229	-0.0004348666	0.0018094403	0.0006644704	0.9999980476
112.0000000000	113.0000000000	3.1251296615	0.0121004913	0.0390881267	0.0002657719	0.0008866538	0.0005562806	0.9999994169
112.0000000000	115.0000000000	9.4830648649	0.0531790428	0.0976047531	-0.0003674425	0.0016535805	0.0001242351	0.9999985576
112.0000000000	116.0000000000	12.6664988088	0.0538383192	0.1318577321	0.0013236790	0.0004065462	-0.0003675462	0.9999989738
113.0000000000	114.0000000000	3.1714682331	0.0190520723	0.0353064176	-0.0006706029	0.0008232893	-0.0000155100	0.9999994361
113.0000000000	115.0000000000	6.3578634905	0.0340396156	0.0697694975	-0.0006324042	0.0007671646	-0.0004328104	0.9999994121
113.0000000000	116.0000000000	9.5412305828	0.0311771213	0.1096673719	0.0010584589	-0.0004809408	-0.0009227606	0.9999988984
114.0000000000	115.0000000000	3.1863339641	0.0150368132	0.0397308692	0.0000385430	-0.0000558441	-0.0004173062	0.9999999106
114.0000000000	116.0000000000	6.3696313924	0.0122162380	0.0848675828	0.0017298274	-0.0013035937	-0.0009067011	0.9999972431
114.0000000000	118.0000000000	12.8140543181	0.0458319015	0.1761875103	0.0004530146	-0.0002510122	0.0012139749	0.9999991290
115.0000000000	116.0000000000	3.1833035583	-0.0001613247	0.0447807593	0.0016917780	-0.0012470626	-0.0004894423	0.9999976716
115.0000000000	117.0000000000	6.3961464687	0.0123944172	0.0930117679	0.0015387472	-0.0020606982	0.0006383836	0.9999964891
115.0000000000	119.0000000000	12.8931879597	0.0559021161	0.1726347465	0.0015902434	0.0019398603	0.0012764535	0.9999960394
116.0000000000	117.0000000000	3.2129387832	0.0158498681	0.0401689044	-0.0001512232	-0.0008118022	0.0011293897	0.9999990213
116.0000000000	118.0000000000	6.4445658966	0.0455857243	0.0743784317	-0.0012750021	0.0010550913	0.0021205151	0.9999963823
116.0000000000	120.0000000000	14.5876420837	0.0970610934	0.1399693393	0.0008584099	0.0029346251	0.0015976929	0.9999940492
117.0000000000	118.0000000000	3.2317373701	0.0224278028	0.0289714778	-0.0011208655	0.0018680087	0.0009923219	0.9999971347
117.0000000000	119.0000000000	6.4973637640	0.0354172583	0.0527246237	0.0000553647	0.0040014918	0.0006318054	0.9999917929
117.0000000000	120.0000000000	11.3750049302	0.0554946071	0.0813564885	0.0010142421	0.0037452080	0.0004680549	0.9999923628
118.0000000000	119.0000000000	3.2655348519	0.0064415454	0.0359738184	0.0011790107	0.0021327239	-0.0003559208	0.9999969674
118.0000000000	120.0000000000	8.1430662239	0.0167540526	0.0828604430	0.0021379372	0.0018756717	-0.0005181670	0.9999958213
118.0000000000	122.0000000000	14.6463619403	0.0255873448	0.1577319712	0.0016270234	0.0022724825	-0.0020513709	0.9999939902
119.0000000000	120.0000000000	4.8772777114	0.0139179075	0.0676645904	0.0009593622	-0.0002568991	-0.0001598980	0.9999994940
119.0000000000	121.0000000000	8.1281426488	0.0212808220	0.1188964404	0.0003017827	-0.0004611201	-0.0009198491	0.9999994251
119.0000000000	122.0000000000	11.3801859823	0.0275874726	0.1702511907	0.0004515813	0.0001379250	-0.0016946554	0.9999984526
120.0000000000	121.0000000000	3.2508884896	0.0085001365	0.0495461297	-0.0006577415	-0.0002050551	-0.0007595859	0.9999994742
120.0000000000	122.0000000000	6.5029557763	0.0159446234	0.0992165803	-0.0005082369	0.0003932700	-0.0015350051	0.9999986154
120.0000000000	123.0000000000	11.3689703495	0.0176896879	0.1747315596	-0.0000349845	0.0006415901	-0.0016028479	0.9999985090
121.0000000000	122.0000000000	3.2520713290	0.0123204505	0.0483496629	0.0001488903	0.0005989483	-0.0007750564	0.9999995092
121.0000000000	123.0000000000	8.1181067099	0.0213597889	0.1218760091	0.0006219401	0.0008476724	-0.0008428329	0.9999990921
121.0000000000	124.0000000000	11.3420467934	0.0395632896	0.1642933697	-0.0012830495	-0.0013275923	-0.0004873437	0.9999981769
122.0000000000	123.0000000000	4.8659239718	0.0166041476	0.0793507447	0.0004728974	0.0002490809	-0.0000675307	0.9999998549
122.0000000000	124.0000000000	8.0897788538	0.0398177462	0.1256233583	-0.0014306184	-0.0019276063	0.0002871409	0.9999970776
122.0000000000	125.0000000000	11.3165253289	0.0606996018	0.1808950710	-0.0023114251	-0.0000714921	0.0013104224	0.9999964675
123.0000000000	124.0000000000	3.2238295406	0.0236936960	0.0478562185	-0.0019034550	-0.0021766472	0.0003552268	0.9999957564
123.0000000000	125.0000000000	6.4505465052	0.0450645541	0.1047151735	-0.0027846413	-0.0003201085	0.0013774109	0.9999951230
123.0000000000	126.0000000000	9.6758274287	0.0721678148	0.1445388817	-0.0036029816	0.0007076099	0.0026202151	0.9999898261
124.0000000000	125.0000000000	3.2269479139	0.0188886812	0.0428879814	-0.0008783001	0.0018548961	0.0010276324	0.9999973660
124.0000000000	127.0000000000	11.2533151550	0.0870396455	0.1200470206	0.0000037490	0.0033467330	0.0044374454	0.9999845541
124.0000000000	128.0000000000	14.4393473026	0.1267510559	0.1495749225	0.0003079525	0.0027552708	0.0047189289	0.9999850226
125.0000000000	126.0000000000	3.2253673206	0.0180010338	0.0378837745	-0.0008165372	0.0010253785	0.0012459296	0.9999983648
125.0000000000	127.0000000000	8.0261481637	0.0514910083	0.1070389292	0.0008772440	0.0014879563	0.0034127627	0.9999926847
125.0000000000	128.0000000000	11.2121234060	0.0845912019	0.1484498211	0.0011803170	0.0008959342	0.0036942901	0.9999920782
126.0000000000	127.0000000000	4.8006969590	0.0214073635	0.0790456689	0.0016921277	0.0004587033	0.0021689510	0.9999961110
126.0000000000	128.0000000000	7.9866528182	0.0464963483	0.1270380792	0.0019941730	-0.0001339249	0.0024503064	0.9999950007
126.0000000000	129.0000000000	11.1702030880	0.0755956529	0.1715550614	0.0024077340	-0.0001411697	0.0023912887	0.9999942323
127.0000000000	128.0000000000	3.1859911524	0.0114367068	0.0508534106	0.0003006318	-0.0005928047	0.0002824979	0.9999997392
127.0000000000	129.0000000000	6.3695973047	0.0268823328	0.0982156237	0.0007142042	-0.0006010459	0.0002236846	0.9999995393
127.0000000000	130.0000000000	11.1292472197	0.0437916022	0.1808840234	0.0013807913	-0.0008220759	0.0001617723	0.9999986957
128.0000000000	129.0000000000	3.1836666635	0.0136741213	0.0435797059	0.0004135352	-0.0000083757	-0.0000590559	0.9999999127
128.0000000000	130.0000000000	7.9434176207	0.0279420268	0.1205967767	0.0010800236	-0.0002296131	-0.0001212967	0.9999993831
128.0000000000	131.0000000000	11.1284299718	0.0394252409	0.1689068736	0.0015160419	-0.0008794328	-0.0001715772	0.9999984494
129.0000000000	130.0000000000	4.7597498563	0.0148932235	0.0769240032	0.0006665010	-0.0002212238	-0.0000621549	0.9999997515
129.0000000000	131.0000000000	7.9447611888	0.0267922042	0.1251702244	0.0011025575	-0.0008710383	-0.0001121704	0.9999990065
129.0000000000	133.0000000000	15.9289209258	0.0509644226	0.2319922940	0.0016045691	0.0002720451	-0.0005440996	0.9999985277
130.0000000000	131.0000000000	3.1850313202	0.0123591060	0.0468208737	0.0004360860	-0.0006498210	-0.0000496790	0.9999996925
130.0000000000	132.0000000000	7.9531122792	0.0184019689	0.1123421311	0.0023920116	0.0003313886	-0.0001755440	0.9999970688
130.0000000000	134.0000000000	15.9926238914	0.0527145369	0.2102812637	0.0001534058	0.0006849937	-0.0010925524	0.9999991568
131.0000000000	132.0000000000	4.7681651512	0.0065707452	0.0593214868	0.0019557948	0.0009812504	-0.0001275643	0.9999975979
131.0000000000	134.0000000000	12.8078000088	0.0417624226	0.1467860965	-0.0002834236	0.0013343457	-0.0010432713	0.9999985254
131.0000000000	137.0000000000	24.1105530553	0.0663312098	0.2675430909	-0.0033584584	0.0015128112	-0.0022787520	0.9999906197
132.0000000000	133.0000000000	3.2160905676	0.0205771780	0.0397724864	-0.0014540085	0.0001606262	-0.0003078038	0.9999988827
132.0000000000	136.0000000000	16.1176705546	0.0592429560	0.2019659377	-0.0043272701	0.0005592997	-0.0017585549	0.9999889346
133.0000000000	134.0000000000	4.8233094144	0.0198183250	0.0649278850	-0.0007843160	0.0001910372	-0.0006106379	0.9999994877
133.0000000000	136.0000000000	12.9015005277	0.0461302181	0.1664601205	-0.0028731625	0.0003999000	-0.0014506348	0.9999947403
134.0000000000	135.0000000000	3.2173975850	0.0148593708	0.0410871262	-0.0003802365	-0.0000224259	-0.0002868442	0.9999998863
135.0000000000	136.0000000000	4.8607094027	0.0238960564	0.0633784884	-0.0017086594	0.0002303931	-0.0005532649	0.9999983606
136.0000000000	137.0000000000	3.2241471872	0.0172779737	0.0476732384	-0.0009846472	-0.0000326219	-0.0003995816	0.9999994349
