idx1	idx2	t_1	t_2	t_3	q_1	q_2	q_3	q_4
0.0000000000	3.0000000000	5.1641960000	0.0104620000	0.0577570000	0.0014885022	0.0008850013	-0.0000322500	0.9999985000
0.0000000000	8.0000000000	17.1946630000	0.0767060000	0.1818820000	-0.0017170062	0.0019517571	-0.0000282501	0.9999966209
0.0000000000	12.0000000000	28.0741910000	0.1011150000	0.2824980000	0.0021725228	0.0037507894	-0.0013045137	0.9999897549
1.0000000000	3.0000000000	3.9879638141	0.0093749828	0.0566020225	0.0012330741	-0.0001660711	-0.0000746616	0.9999992232
1.0000000000	8.0000000000	16.0181465567	0.0746366596	0.2059814167	-0.0019723891	0.0009008272	-0.0000743031	0.9999976463
1.0000000000	13.0000000000	29.6622595639	0.0993733894	0.3574720047	0.0021692034	0.0005157631	-0.0015843615	0.9999962592
2.0000000000	5.0000000000	6.6371807188	0.0158046544	0.0866507944	0.0015291086	0.0011036775	-0.0000556546	0.9999982203
2.0000000000	10.0000000000	18.7306968078	0.0725405829	0.2398161122	0.0010200395	-0.0001072344	-0.0002467210	0.9999994436
2.0000000000	13.0000000000	28.3254338981	0.0955666528	0.3465707961	0.0015763536	0.0004003903	-0.0015672629	0.9999974492
3.0000000000	5.0000000000	3.9860074588	0.0119915640	0.0444688011	0.0008889691	0.0013842939	0.0000004758	0.9999986467
3.0000000000	11.0000000000	18.8009296293	0.0915630183	0.2196823804	-0.0019462184	0.0003867724	-0.0006165500	0.9999978413
3.0000000000	13.0000000000	25.6743969748	0.0945658080	0.2921119129	0.0009358308	0.0006800416	-0.0015106951	0.9999981898
4.0000000000	7.0000000000	6.6726530293	0.0453888546	0.0912412941	-0.0047371975	-0.0018137457	0.0001439750	0.9999871242
4.0000000000	11.0000000000	16.1388469394	0.0787020438	0.2205531381	-0.0027776340	-0.0006787211	-0.0007373448	0.9999956402
4.0000000000	15.0000000000	27.1602588198	0.0958223915	0.3554546000	-0.0024138995	-0.0016430997	-0.0021789084	0.9999933628
5.0000000000	8.0000000000	8.0439065984	0.0556193180	0.1229255266	-0.0040944976	-0.0003176277	-0.0000062850	0.9999915670
5.0000000000	11.0000000000	14.8143697552	0.0799001256	0.2160942533	-0.0028343303	-0.0009980665	-0.0006200621	0.9999952930
5.0000000000	16.0000000000	28.6208051481	0.1021338855	0.4009930098	-0.0028569528	-0.0003063303	-0.0017867699	0.9999942757
6.0000000000	8.0000000000	5.3823757549	0.0353356233	0.0650176055	-0.0021595021	0.0014199542	-0.0001512769	0.9999966487
6.0000000000	13.0000000000	19.0266507752	0.0580015931	0.2023381694	0.0019812760	0.0010342841	-0.0016634126	0.9999961189
6.0000000000	16.0000000000	25.9601438785	0.0746811941	0.2717616973	-0.0009250475	0.0014345146	-0.0019338836	0.9999966733
7.0000000000	11.0000000000	9.4666052444	0.0295262641	0.0952647307	0.0019581438	0.0011389166	-0.0008794860	0.9999970475
7.0000000000	14.0000000000	19.1000524203	0.0418149446	0.1791044133	0.0026555548	0.0000580208	-0.0021305082	0.9999942028
7.0000000000	18.0000000000	28.8739776656	0.0613204921	0.2679222376	-0.0021687790	0.0023485180	-0.0018466485	0.9999931854
8.0000000000	11.0000000000	6.7705252980	0.0236198572	0.0890587176	0.0012599810	-0.0006779108	-0.0006169569	0.9999987861
8.0000000000	15.0000000000	17.7919321884	0.0423614611	0.2241365185	0.0016238243	-0.0016364162	-0.0020624020	0.9999952159
8.0000000000	19.0000000000	28.9955625711	0.0687643759	0.3706340065	-0.0020400176	0.0003900084	-0.0010443267	0.9999972978
9.0000000000	13.0000000000	12.2959302420	0.0365903497	0.1802418655	0.0020675947	-0.0014107729	-0.0012150993	0.9999961291
9.0000000000	16.0000000000	19.2289808114	0.0594050151	0.2835885499	-0.0008382356	-0.0010118114	-0.0014926446	0.9999980228
9.0000000000	19.0000000000	27.6472069108	0.0889279788	0.4060559592	-0.0041160853	-0.0006398106	-0.0007602940	0.9999910352
10.0000000000	13.0000000000	9.5947412251	0.0279759444	0.1046460856	0.0005560493	0.0005064142	-0.0013211191	0.9999988445
10.0000000000	17.0000000000	19.3212367345	0.0569111362	0.2109696581	-0.0047871648	0.0010486763	-0.0014945456	0.9999868747
10.0000000000	21.0000000000	30.6076956704	0.1117246246	0.3263196331	-0.0060176461	0.0023082296	0.0007988245	0.9999789107
11.0000000000	14.0000000000	9.6331951700	0.0295996658	0.1057030770	0.0006997894	-0.0010827263	-0.0012481103	0.9999983901
11.0000000000	19.0000000000	22.2253154552	0.0732406886	0.2513036680	-0.0033009411	0.0010653426	-0.0004264779	0.9999938935
11.0000000000	22.0000000000	30.7361503467	0.1353714214	0.3325601038	-0.0030513489	0.0031786394	0.0021415938	0.9999879995
12.0000000000	14.0000000000	5.5242184545	0.0310134077	0.0844330733	-0.0019264089	-0.0035655901	-0.0005899848	0.9999916137
12.0000000000	19.0000000000	18.1154006502	0.0920480111	0.2922113886	-0.0059305417	-0.0014179775	0.0002160667	0.9999813855
12.0000000000	22.0000000000	26.6256444292	0.1658441774	0.4153215604	-0.0056886861	0.0007022367	0.0027791787	0.9999797107
13.0000000000	17.0000000000	9.7262787622	0.0547597483	0.1161268501	-0.0053438306	0.0005351127	-0.0001764500	0.9999855629
13.0000000000	19.0000000000	15.3516828983	0.0904878706	0.1822000333	-0.0061839424	0.0007643790	0.0004619262	0.9999804804
13.0000000000	22.0000000000	23.8623467287	0.1682937384	0.2681043412	-0.0059369832	0.0028852918	0.0030239645	0.9999736411
14.0000000000	17.0000000000	6.9667195198	0.0358244820	0.0675662626	-0.0031631939	0.0019160720	0.0001844205	0.9999931444
14.0000000000	20.0000000000	15.4110555013	0.0998279744	0.1406580723	-0.0038846116	0.0029093144	0.0015965480	0.9999869483
14.0000000000	23.0000000000	23.9378666203	0.1848266740	0.2001371043	-0.0018819264	0.0042964724	0.0040343704	0.9999808611
15.0000000000	18.0000000000	8.3853384044	0.0583104805	0.0804634947	-0.0044929890	0.0021578534	0.0004737644	0.9999874661
15.0000000000	20.0000000000	14.0226266250	0.0986898854	0.1327844396	-0.0035486854	0.0027859497	0.0017931455	0.9999882149
15.0000000000	24.0000000000	25.3905921607	0.2229596555	0.2114380390	-0.0004408804	0.0047397890	0.0038785741	0.9999811482
16.0000000000	19.0000000000	8.4183283912	0.0544625396	0.1055021761	-0.0032776641	0.0003664865	0.0007359669	0.9999942905
16.0000000000	21.0000000000	14.0790027513	0.1062440689	0.1708955667	-0.0036718041	0.0013915092	0.0023924544	0.9999894288
16.0000000000	25.0000000000	25.4538950187	0.2206054689	0.2785882675	0.0017507543	0.0033964751	0.0032353551	0.9999874656
17.0000000000	19.0000000000	5.6253166777	0.0369705248	0.0724819220	-0.0008405095	0.0002257063	0.0006391419	0.9999994170
17.0000000000	23.0000000000	16.9705746738	0.1416883111	0.1985238154	0.0012742815	0.0023679927	0.0038599112	0.9999889349
17.0000000000	26.0000000000	25.5065003301	0.2289178935	0.2822174289	0.0046088576	0.0028839904	0.0024841656	0.9999821348
18.0000000000	21.0000000000	8.4789924407	0.0608325226	0.1130041436	0.0004306064	0.0008780987	0.0022086561	0.9999970827
18.0000000000	24.0000000000	17.0046820105	0.1470287455	0.2057628312	0.0040459021	0.0025646991	0.0034251143	0.9999826606
18.0000000000	27.0000000000	25.5085937822	0.2327244140	0.2938990270	0.0040736631	0.0031843799	0.0017102289	0.9999851699
19.0000000000	22.0000000000	8.5105847627	0.0687929916	0.0998218747	0.0002459347	0.0021049185	0.0025752959	0.9999944383
19.0000000000	25.0000000000	17.0356611158	0.1398855045	0.1865722437	0.0050296833	0.0030180817	0.0025111530	0.9999796436
19.0000000000	29.0000000000	26.9052055048	0.2366109030	0.2784580038	-0.0024553860	0.0042546586	0.0003417189	0.9999878760
20.0000000000	23.0000000000	8.5265441863	0.0571175573	0.1096417028	0.0019977588	0.0013744886	0.0024490168	0.9999940610
20.0000000000	25.0000000000	14.2168647782	0.0981935245	0.1735512270	0.0049132436	0.0022520062	0.0017392462	0.9999838816
20.0000000000	29.0000000000	24.0863935485	0.1796412244	0.2804632002	-0.0025692106	0.0034941284	-0.0004360460	0.9999905000
21.0000000000	24.0000000000	8.5258041380	0.0486198922	0.1076761620	0.0036179501	0.0016791470	0.0012189338	0.9999913025
21.0000000000	26.0000000000	14.2206060697	0.0758421735	0.1782464870	0.0058471377	0.0016236127	0.0001954350	0.9999815682
21.0000000000	30.0000000000	24.0273397484	0.1450548542	0.2782968730	-0.0046085472	0.0030152468	-0.0023143921	0.9999821564
22.0000000000	25.0000000000	8.5248894778	0.0272338932	0.1226148649	0.0047862117	0.0009008552	-0.0000542593	0.9999881388
22.0000000000	27.0000000000	14.1796587960	0.0547716094	0.2055347132	0.0030104248	0.0012107512	-0.0014103864	0.9999937411
22.0000000000	31.0000000000	23.9502872302	0.0856265878	0.3239703895	-0.0047899840	0.0022840634	-0.0034074975	0.9999801138
23.0000000000	26.0000000000	8.5358480583	0.0215993335	0.1239813809	0.0033397980	0.0005013828	-0.0013684654	0.9999933608
23.0000000000	29.0000000000	15.5597368917	0.0470693172	0.2132618077	-0.0045577781	0.0021250514	-0.0028955470	0.9999831632
23.0000000000	32.0000000000	23.8986133181	0.0411975293	0.3166126172	-0.0061398581	0.0018876069	-0.0037013226	0.9999725193
24.0000000000	27.0000000000	8.5037315408	0.0283286339	0.1312933904	0.0000342702	0.0006126303	-0.0017172993	0.9999983372
24.0000000000	30.0000000000	15.5010654513	0.0600670213	0.2221050474	-0.0082188337	0.0013333490	-0.0035519341	0.9999590275
24.0000000000	32.0000000000	21.0571038619	0.0446495414	0.2994099750	-0.0072479396	0.0013184162	-0.0033592731	0.9999672217
25.0000000000	28.0000000000	7.0697262164	0.0353992052	0.1142872836	-0.0035099560	0.0009938162	-0.0015856354	0.9999920891
25.0000000000	31.0000000000	15.4250137629	0.0621311903	0.2285651022	-0.0095730966	0.0013666323	-0.0033684487	0.9999475695
25.0000000000	33.0000000000	19.5704239721	0.0569935508	0.2855466049	-0.0087905291	0.0011321212	-0.0030026741	0.9999562135
26.0000000000	28.0000000000	4.2242395199	0.0286103693	0.0617272943	-0.0039332169	0.0013600423	-0.0009252247	0.9999909120
26.0000000000	31.0000000000	12.5795623859	0.0664553965	0.1698117388	-0.0099972415	0.0017280899	-0.0027059838	0.9999448717
26.0000000000	35.0000000000	22.2205220828	0.0720445184	0.2921571827	-0.0078977872	0.0026030859	-0.0005243438	0.9999652864
27.0000000000	30.0000000000	6.9970689761	0.0557784650	0.0993842560	-0.0082532022	0.0007065061	-0.0018397792	0.9999639997
27.0000000000	32.0000000000	12.5530301552	0.0594499066	0.1834988938	-0.0072824026	0.0006932422	-0.0016465095	0.9999718871
27.0000000000	36.0000000000	22.1376045741	0.0858209755	0.3109432978	-0.0038121756	0.0023237289	0.0012526480	0.9999892492
28.0000000000	31.0000000000	8.3549162654	0.0523654415	0.1311668492	-0.0060620692	0.0003695011	-0.0017875849	0.9999799595
28.0000000000	34.0000000000	15.2446684154	0.0662861019	0.2379062560	-0.0053302983	0.0002135783	-0.0007034393	0.9999855236
28.0000000000	38.0000000000	24.7939447303	0.1212936977	0.3709614636	-0.0008381631	0.0012098539	0.0017559846	0.9999973751
29.0000000000	31.0000000000	5.5555038942	0.0369027022	0.0920451151	-0.0020967016	0.0001263801	-0.0011719319	0.9999971072
29.0000000000	35.0000000000	15.1959591415	0.0699340110	0.2456924767	-0.0000020071	0.0009873051	0.0010199536	0.9999989925
29.0000000000	38.0000000000	21.9943091022	0.1241292229	0.3405543589	0.0031258426	0.0009558885	0.0023762408	0.9999918344
30.0000000000	33.0000000000	6.9182598208	0.0330382180	0.1120655010	0.0012362612	0.0001163559	0.0001974303	0.9999992096
30.0000000000	36.0000000000	15.1400161781	0.0820703937	0.2338828697	0.0044359138	0.0015997973	0.0031088452	0.9999840491
30.0000000000	39.0000000000	21.9028553540	0.1633879704	0.3297409240	0.0051707457	0.0007114788	0.0033882470	0.9999806383
31.0000000000	33.0000000000	4.1451793699	0.0215894300	0.0684714402	0.0007829029	-0.0002353784	0.0003646075	0.9999995994
31.0000000000	36.0000000000	12.3668277690	0.0734810173	0.1960301164	0.0039812894	0.0012499210	0.0032764727	0.9999859258
31.0000000000	40.0000000000	21.8213360857	0.1953596562	0.3358426732	0.0038580082	0.0012996775	0.0033393180	0.9999861377
32.0000000000	35.0000000000	6.8576973725	0.0394051373	0.1035833841	0.0015771339	0.0012240152	0.0018317489	0.9999963296
32.0000000000	37.0000000000	10.9347216604	0.0721571192	0.1591710571	0.0041904830	0.0014808914	0.0030064480	0.9999856039
32.0000000000	41.0000000000	21.7120275069	0.2009365229	0.3083655112	0.0031528065	0.0018690692	0.0028851317	0.9999891211
33.0000000000	36.0000000000	8.2217486192	0.0460893055	0.1236121733	0.0031996225	0.0014864093	0.0029099545	0.9999895425
33.0000000000	38.0000000000	12.2934744603	0.0944418986	0.1787026243	0.0044393456	0.0010644352	0.0031840752	0.9999845103
33.0000000000	41.0000000000	20.3494709399	0.1910584775	0.2937078583	0.0028868765	0.0017404403	0.0028815939	0.9999901666
34.0000000000	36.0000000000	5.4773506545	0.0245045816	0.0820788487	0.0032515085	0.0014091884	0.0021914725	0.9999913196
34.0000000000	38.0000000000	9.5491346807	0.0669986802	0.1377818759	0.0044909073	0.0009863097	0.0024656682	0.9999863896
34.0000000000	42.0000000000	20.2585687121	0.1761928604	0.2866744335	0.0031559966	0.0000161183	0.0020312693	0.9999929567
35.0000000000	37.0000000000	4.0769653637	0.0180063553	0.0654887616	0.0026123899	0.0002539541	0.0011775075	0.9999958622
35.0000000000	39.0000000000	9.4893617737	0.0611402596	0.1562582003	0.0026205185	-0.0004998156	0.0013658994	0.9999955087
35.0000000000	43.0000000000	20.1724197939	0.1393935866	0.3210199345	0.0041867671	0.0006568858	0.0005641573	0.9999908606
36.0000000000	38.0000000000	4.0717563705	0.0250470496	0.0669595435	0.0012380901	-0.0004246919	0.0002773262	0.9999991049
36.0000000000	42.0000000000	14.7810996795	0.0883683428	0.2454751626	-0.0000983436	-0.0013933708	-0.0001558096	0.9999990123
36.0000000000	44.0000000000	20.1073888169	0.0982607049	0.3335334179	0.0034384318	0.0001920908	-0.0012085470	0.9999933398
37.0000000000	39.0000000000	5.4124365753	0.0308680699	0.0933260434	0.0000071936	-0.0007532846	0.0001903635	0.9999996981
37.0000000000	42.0000000000	13.4307024878	0.0776846576	0.2195993258	-0.0008228831	-0.0012575519	-0.0002494932	0.9999988396
37.0000000000	44.0000000000	18.7570158994	0.0866922583	0.3061975555	0.0027139029	0.0003268112	-0.0013038592	0.9999954139
38.0000000000	40.0000000000	5.3830772080	0.0333237596	0.0911016295	-0.0013612450	0.0004752134	-0.0002148451	0.9999989375
38.0000000000	43.0000000000	13.3744218863	0.0640328368	0.2112961496	0.0010612079	0.0006875566	-0.0007974134	0.9999988826
38.0000000000	46.0000000000	21.3165716741	0.0800030870	0.3319397317	-0.0018772422	-0.0003414432	-0.0037325077	0.9999912138
39.0000000000	42.0000000000	8.0184669768	0.0437697699	0.1141896058	-0.0008305037	-0.0005041128	-0.0004392276	0.9999994316
39.0000000000	44.0000000000	13.3449096221	0.0507534945	0.1927612997	0.0027057874	0.0010795656	-0.0014962680	0.9999946372
39.0000000000	48.0000000000	23.9181982734	0.0458035917	0.3294519944	-0.0018696268	0.0013683700	-0.0058428539	0.9999802464
40.0000000000	42.0000000000	5.3263627399	0.0265569456	0.0833009646	0.0000247735	-0.0014437560	-0.0002184774	0.9999989336
40.0000000000	45.0000000000	13.2874399813	0.0435193965	0.2157930027	0.0013602950	-0.0018137329	-0.0020135036	0.9999954029
40.0000000000	49.0000000000	23.8885540116	0.0233254658	0.3623662244	-0.0023048017	-0.0000827934	-0.0067860794	0.9999743148
41.0000000000	43.0000000000	5.3181028636	0.0206327868	0.0870615200	0.0026115310	0.0000095289	-0.0004884764	0.9999964706
41.0000000000	45.0000000000	10.6142948927	0.0312880311	0.1771461451	0.0015496227	-0.0020176877	-0.0019214535	0.9999949178
41.0000000000	50.0000000000	25.2083334668	-0.0220981382	0.3872224894	-0.0020821753	-0.0000310730	-0.0080914727	0.9999650952
42.0000000000	44.0000000000	5.3265127310	0.0115348203	0.0732173157	0.0035350576	0.0015861074	-0.0010575095	0.9999919346
42.0000000000	47.0000000000	13.2565658963	0.0230935375	0.1750385758	-0.0002194233	0.0021717904	-0.0041164447	0.9999891450
42.0000000000	51.0000000000	25.2188885779	-0.0599015395	0.2981228398	-0.0012779425	0.0023807396	-0.0085330674	0.9999599420
43.0000000000	46.0000000000	7.9419420032	0.0289054988	0.1315183700	-0.0029355992	-0.0010344513	-0.0029360250	0.9999908459
43.0000000000	48.0000000000	13.2343597524	0.0178162203	0.2061954503	-0.0034313897	0.0002052711	-0.0050416082	0.9999813826
43.0000000000	52.0000000000	25.2188087311	-0.0831226852	0.3709614624	-0.0019560828	0.0013102099	-0.0079966223	0.9999652550
44.0000000000	46.0000000000	5.2805012341	0.0311152492	0.0855422179	-0.0040743024	-0.0009667691	-0.0022453390	0.9999887119
44.0000000000	50.0000000000	17.2289107480	-0.0026675417	0.2530914603	-0.0058331887	-0.0000015983	-0.0069132351	0.9999590897
44.0000000000	54.0000000000	26.5604960899	-0.0960856896	0.3710679877	-0.0010592743	0.0018657789	-0.0059828897	0.9999798007
45.0000000000	47.0000000000	5.2951460038	0.0218476352	0.0615893720	-0.0015578414	0.0025356319	-0.0023223219	0.9999928752
45.0000000000	50.0000000000	14.5948678121	0.0032492076	0.1512655769	-0.0036479968	0.0019700032	-0.0061657970	0.9999723967
45.0000000000	54.0000000000	23.9269688741	-0.0768742336	0.2322646030	0.0011263910	0.0038388809	-0.0052406944	0.9999782644
46.0000000000	48.0000000000	5.2925343306	0.0195798088	0.0637505176	-0.0005016330	0.0012444276	-0.0021014396	0.9999968919
46.0000000000	51.0000000000	14.6116487821	0.0054140882	0.1743474123	-0.0007365872	0.0017496011	-0.0052328860	0.9999845065
46.0000000000	55.0000000000	23.9725380451	-0.0409666223	0.2679969913	0.0038630457	0.0030491710	-0.0026015947	0.9999845054
47.0000000000	50.0000000000	9.2991329907	0.0242454918	0.1368407145	-0.0020791141	-0.0005644374	-0.0038496762	0.9999902693
47.0000000000	52.0000000000	14.6279044833	0.0025001146	0.2122366071	0.0006533410	0.0008198129	-0.0042383863	0.9999904685
47.0000000000	57.0000000000	26.7153389127	-0.0077331909	0.3705280656	0.0069069973	-0.0001964537	0.0002779965	0.9999760885
48.0000000000	51.0000000000	9.3187855297	0.0248832228	0.1337935441	-0.0002321242	0.0005062651	-0.0031315014	0.9999949417
48.0000000000	54.0000000000	15.9879158082	0.0136253751	0.2197325110	0.0035052421	0.0016182737	-0.0016223093	0.9999912313
48.0000000000	58.0000000000	26.7593297464	0.0345634085	0.3463821150	0.0153600281	0.0021680606	0.0028961177	0.9998754830
49.0000000000	51.0000000000	6.6560180615	0.0222169549	0.0906690330	0.0010573267	0.0010320537	-0.0019650102	0.9999969778
49.0000000000	55.0000000000	16.0168646713	0.0366088081	0.1978293025	0.0056507771	0.0023419063	0.0006719258	0.9999810662
49.0000000000	59.0000000000	25.4384350850	0.0779207612	0.3029526732	0.0181855975	0.0014523634	0.0046553333	0.9998227356
50.0000000000	52.0000000000	5.3288654226	0.0189841421	0.0693757492	0.0027268793	0.0013955635	-0.0003873697	0.9999952332
50.0000000000	55.0000000000	12.0235615280	0.0520786560	0.1471767070	0.0056169696	0.0020915472	0.0020698116	0.9999798953
50.0000000000	61.0000000000	26.7938299070	0.2007017194	0.3354771947	0.0174316334	0.0001421304	0.0046769992	0.9998371086
51.0000000000	55.0000000000	9.3604718991	0.0514261330	0.1264122369	0.0045881575	0.0013216784	0.0026402519	0.9999851154
51.0000000000	58.0000000000	17.4399109057	0.1187980827	0.2302881402	0.0155837896	0.0017092774	0.0060354875	0.9998588884
51.0000000000	62.0000000000	26.8181061343	0.2302797138	0.3744041499	0.0210171032	0.0017349638	0.0049523579	0.9997653452
52.0000000000	56.0000000000	9.4084783267	0.0668861073	0.1286308163	0.0032010606	0.0003354572	0.0036419883	0.9999881882
52.0000000000	60.0000000000	18.7924572523	0.1645405170	0.2741865451	0.0136029967	-0.0029087185	0.0058652336	0.9998860419
52.0000000000	63.0000000000	26.8287998508	0.2406350740	0.3966121231	0.0193997086	0.0015706455	0.0043121977	0.9998012749
53.0000000000	57.0000000000	10.7592401203	0.0840929950	0.1568185028	0.0054679166	-0.0010031112	0.0042868216	0.9999753591
53.0000000000	60.0000000000	17.4649174917	0.1531716886	0.2530806036	0.0128162863	-0.0029257182	0.0056316528	0.9998977285
53.0000000000	63.0000000000	25.5012901525	0.2256630466	0.3756827141	0.0186141490	0.0015510559	0.0040752251	0.9998172334
54.0000000000	58.0000000000	10.7708279467	0.0568930394	0.1612454501	0.0118468818	0.0005850409	0.0045354541	0.9999193661
54.0000000000	61.0000000000	17.4611791086	0.1359636316	0.2826202576	0.0126625124	-0.0017465806	0.0037681050	0.9999112019
54.0000000000	63.0000000000	22.8260143330	0.1626794308	0.3595328923	0.0173679474	0.0010499619	0.0029888527	0.9998441472
55.0000000000	58.0000000000	8.0793883711	0.0257584756	0.1248003898	0.0109925832	0.0003743066	0.0034082763	0.9999337011
55.0000000000	61.0000000000	14.7698501838	0.0899292805	0.2487410617	0.0118057408	-0.0019588865	0.0026430926	0.9999248978
55.0000000000	64.0000000000	22.8268053564	0.1366641506	0.3614218505	0.0131904244	-0.0003810816	0.0008565540	0.9999125631
56.0000000000	59.0000000000	6.7070045481	-0.0007053623	0.1078995359	0.0122130886	-0.0005229532	0.0028296386	0.9999212770
56.0000000000	61.0000000000	12.0560238201	0.0465331154	0.2038553340	0.0114914909	-0.0016063440	0.0014554972	0.9999316211
56.0000000000	65.0000000000	22.8365591204	0.0863809789	0.3411546175	0.0109668021	0.0003266858	-0.0007307722	0.9999395424
57.0000000000	59.0000000000	4.0287101275	-0.0138996821	0.0461204693	0.0091684946	0.0008052836	0.0019296432	0.9999557824
57.0000000000	62.0000000000	12.0659379276	0.0127663118	0.1626813711	0.0130705654	0.0020473095	0.0002335839	0.9999124533
57.0000000000	66.0000000000	22.8516758082	0.0518761301	0.2676124924	0.0061137981	0.0005880386	-0.0012860018	0.9999803107
58.0000000000	61.0000000000	6.6906546474	0.0213295932	0.1280099306	0.0008055304	-0.0023442184	-0.0007391505	0.9999966547
58.0000000000	63.0000000000	12.0554216596	0.0012722622	0.2111178914	0.0055245230	0.0004215618	-0.0015484117	0.9999834520
58.0000000000	67.0000000000	22.8803377204	0.0264530427	0.3694665460	-0.0061130498	-0.0033579695	-0.0021875712	0.9999732842
59.0000000000	61.0000000000	5.3493079628	0.0192279440	0.0895469997	-0.0007254503	-0.0010980415	-0.0013604538	0.9999982086
59.0000000000	64.0000000000	13.4065739777	0.0038540829	0.1877342414	0.0006640453	0.0004516778	-0.0031677654	0.9999946601
59.0000000000	68.0000000000	22.8935754774	0.0098140734	0.3086988967	-0.0095724171	-0.0016087629	-0.0028293397	0.9999488865
60.0000000000	63.0000000000	8.0372725476	-0.0155073817	0.0748429318	0.0058189606	0.0044234812	-0.0016301528	0.9999719572
60.0000000000	65.0000000000	13.4532930278	-0.0010583235	0.1010179343	0.0005755100	0.0035692113	-0.0030073657	0.9999889426
60.0000000000	70.0000000000	25.6892968444	0.0188678119	0.1935564554	-0.0071321677	0.0040997112	-0.0013876380	0.9999651989
61.0000000000	64.0000000000	8.0574704151	0.0064206277	0.0804862672	0.0013853976	0.0015529132	-0.0018077140	0.9999962006
61.0000000000	67.0000000000	16.1906145761	0.0293892380	0.1655251093	-0.0069211815	-0.0010200830	-0.0014313973	0.9999745036
61.0000000000	71.0000000000	25.7892754830	0.0677054595	0.2737155722	-0.0094294422	-0.0014196568	0.0011845657	0.9999538324
62.0000000000	65.0000000000	8.0926755578	0.0317032198	0.1056169808	-0.0051489074	-0.0004253653	-0.0018704220	0.9999849046
62.0000000000	68.0000000000	14.8558841824	0.0640941932	0.2153479113	-0.0134719835	-0.0028549716	-0.0011306322	0.9999045337
62.0000000000	71.0000000000	23.0999617001	0.1005275835	0.3464285725	-0.0140593181	-0.0037408230	0.0015163057	0.9998930156
63.0000000000	65.0000000000	5.4155005849	0.0326905732	0.0738136031	-0.0052359173	-0.0008708799	-0.0013953719	0.9999849397
63.0000000000	69.0000000000	14.8910269065	0.0886294618	0.2351629658	-0.0151189132	-0.0010627300	-0.0010150164	0.9998846227
63.0000000000	71.0000000000	20.4224845588	0.1158864271	0.3278980148	-0.0141462382	-0.0041902501	0.0019876544	0.9998891813
64.0000000000	67.0000000000	8.1327035622	0.0526391327	0.1101966335	-0.0083024539	-0.0025874501	0.0003669424	0.9999621191
64.0000000000	70.0000000000	14.9582939806	0.0991811064	0.2008910582	-0.0096249725	0.0008660983	0.0011903242	0.9999525953
64.0000000000	73.0000000000	21.9354991981	0.1941359572	0.3114814004	-0.0153709964	-0.0012187832	0.0032890796	0.9998757068
65.0000000000	68.0000000000	6.7631291633	0.0565866400	0.1044366285	-0.0083185093	-0.0024489815	0.0007306573	0.9999621348
65.0000000000	71.0000000000	15.0071188880	0.1225413130	0.2290324801	-0.0089031105	-0.0033495519	0.0033732224	0.9999490670
65.0000000000	74.0000000000	20.5861129564	0.2104179216	0.3153100582	-0.0134372582	-0.0003564244	0.0034915382	0.9999035565
66.0000000000	69.0000000000	6.7832964117	0.0603290582	0.0911508314	-0.0080792323	0.0008523482	0.0000467972	0.9999669981
66.0000000000	72.0000000000	13.7193982450	0.1220138190	0.1803616392	-0.0090206648	-0.0028525677	0.0033376110	0.9999496741
66.0000000000	75.0000000000	20.6971287160	0.2091532013	0.2667419204	-0.0108233603	0.0015066068	0.0032426646	0.9999350330
67.0000000000	70.0000000000	6.8260056537	0.0403168470	0.0560919319	-0.0013191529	0.0034470436	0.0008554475	0.9999928229
67.0000000000	73.0000000000	13.8037645801	0.1286047948	0.1320950626	-0.0070609272	0.0013467252	0.0029517096	0.9999698081
67.0000000000	76.0000000000	19.3711069334	0.1775730689	0.1738897537	-0.0049365162	0.0037792016	0.0028041662	0.9999767423
68.0000000000	71.0000000000	8.2445923865	0.0521616968	0.0851906616	-0.0005788714	-0.0009221236	0.0026364166	0.9999959319
68.0000000000	73.0000000000	12.4495893255	0.1163564075	0.1323774918	-0.0051349428	0.0008451393	0.0029736140	0.9999820377
68.0000000000	76.0000000000	18.0168843100	0.1654065094	0.1798776353	-0.0030105053	0.0032779408	0.0028318135	0.9999860863
69.0000000000	71.0000000000	5.5315791364	0.0358449423	0.0819309082	0.0009790014	-0.0031715658	0.0029540119	0.9999901282
69.0000000000	73.0000000000	9.7362776593	0.1025569788	0.1482038932	-0.0035783979	-0.0014062652	0.0032837383	0.9999872172
69.0000000000	77.0000000000	18.0925199289	0.1742971200	0.2537024167	0.0010172936	0.0016521907	0.0028894900	0.9999939431
70.0000000000	72.0000000000	4.1768385435	0.0395952555	0.0743610955	-0.0031197124	-0.0044263658	0.0020568285	0.9999832219
70.0000000000	75.0000000000	11.1544531350	0.1081407019	0.1835066643	-0.0049168634	-0.0000644399	0.0019848425	0.9999859403
70.0000000000	78.0000000000	18.1792655249	0.1379146550	0.2704360345	0.0027013636	0.0018906733	0.0012620497	0.9999937676
71.0000000000	74.0000000000	5.5799154638	0.0490185967	0.0501148864	-0.0045238300	0.0030070637	0.0001602973	0.9999852333
71.0000000000	76.0000000000	9.7729127553	0.0616154335	0.0767681322	-0.0024203753	0.0042063358	0.0002000954	0.9999882042
71.0000000000	82.0000000000	26.8150763561	0.1170169133	0.1535362372	-0.0057579305	0.0046545470	-0.0008593545	0.9999722211
72.0000000000	75.0000000000	6.9785307217	0.0393518798	0.0477048696	-0.0017884610	0.0043657828	-0.0000504285	0.9999888693
72.0000000000	77.0000000000	11.1579142208	0.0418530993	0.0685771771	0.0019779572	0.0053774202	-0.0003727323	0.9999835159
72.0000000000	82.0000000000	25.4106892086	0.0852667482	0.1146155360	-0.0038328171	0.0052117505	-0.0011598124	0.9999784008
73.0000000000	75.0000000000	4.1775582485	0.0141446783	0.0419208878	0.0008379742	0.0020323902	-0.0000789274	0.9999975805
73.0000000000	78.0000000000	11.2027402716	0.0139484559	0.0995412204	0.0084586230	0.0039758404	-0.0008064615	0.9999559960
73.0000000000	83.0000000000	25.5008940285	0.0686580365	0.2139618948	-0.0020016216	0.0027319634	-0.0008326606	0.9999939183
74.0000000000	77.0000000000	6.9820914265	0.0126656715	0.0839004170	0.0045770924	0.0018167507	-0.0002076922	0.9999878532
74.0000000000	81.0000000000	18.3828877037	0.0676140695	0.1976063377	-0.0036911419	0.0016371391	-0.0020202958	0.9999898068
74.0000000000	85.0000000000	28.4877239642	0.0946245407	0.2993860869	-0.0020754044	0.0015348288	-0.0002207188	0.9999966441
75.0000000000	78.0000000000	7.0248871962	0.0010335578	0.0861744736	0.0076219920	0.0019435218	-0.0007136760	0.9999688088
75.0000000000	82.0000000000	18.4308729439	0.0472356524	0.2280157898	-0.0020395510	0.0008478846	-0.0011167832	0.9999969371
75.0000000000	85.0000000000	25.6843259715	0.0808776235	0.3072942326	-0.0028847937	0.0007311326	-0.0003221940	0.9999955198
76.0000000000	78.0000000000	5.6350650084	0.0002277291	0.0696547590	0.0063283530	0.0015481185	-0.0006668838	0.9999785550
76.0000000000	82.0000000000	17.0409283068	0.0478714030	0.2203798850	-0.0033330082	0.0004515056	-0.0010723873	0.9999937686
76.0000000000	86.0000000000	27.2138956905	0.0907572337	0.3389977348	-0.0040476612	0.0002727980	0.0001694555	0.9999917566
77.0000000000	79.0000000000	5.6766824158	0.0209028954	0.0753774601	-0.0005411637	-0.0034788357	-0.0006279368	0.9999936052
77.0000000000	82.0000000000	14.2514233549	0.0545111067	0.1991316526	-0.0058063733	-0.0001693635	-0.0008179861	0.9999827940
77.0000000000	86.0000000000	24.4242139537	0.1032460253	0.3300885802	-0.0065217406	-0.0003451816	0.0004238535	0.9999785838
78.0000000000	81.0000000000	8.5542155883	0.0686804371	0.1354550173	-0.0121172915	-0.0011307636	-0.0014245041	0.9999249289
78.0000000000	83.0000000000	14.2966776742	0.0806664081	0.2269697389	-0.0104590014	-0.0012526271	-0.0000572327	0.9999445169
78.0000000000	86.0000000000	21.5777510902	0.1231309676	0.3348098399	-0.0103763194	-0.0012769400	0.0008283383	0.9999450061
79.0000000000	82.0000000000	8.5753482015	0.0442774807	0.0641308149	-0.0052679213	0.0033062102	-0.0001699485	0.9999806444
79.0000000000	85.0000000000	15.8290274700	0.0920168100	0.1074029015	-0.0061110840	0.0031912188	0.0006270923	0.9999760385
79.0000000000	87.0000000000	21.6915620723	0.1308824854	0.1457733423	-0.0061012332	0.0030127080	0.0012966385	0.9999760083
80.0000000000	83.0000000000	8.6085933249	0.0387376863	0.0947268724	0.0015856564	0.0014205790	0.0013079059	0.9999968785
80.0000000000	86.0000000000	15.8900089513	0.0987500416	0.1646712781	0.0016707506	0.0013857148	0.0021928976	0.9999952398
80.0000000000	88.0000000000	21.7856775169	0.1586923713	0.2280151198	0.0011286875	0.0012448778	0.0030104339	0.9999940568
81.0000000000	83.0000000000	5.7426017660	0.0262809063	0.0789907923	0.0016601222	-0.0001360387	0.0013638422	0.9999976827
81.0000000000	85.0000000000	10.1042617086	0.0669685547	0.1352117511	0.0016130066	-0.0001056984	0.0018018409	0.9999970702
81.0000000000	88.0000000000	18.9191917950	0.1476238744	0.2533234183	0.0012005127	-0.0003118894	0.0030656438	0.9999945316
82.0000000000	84.0000000000	4.3596766004	0.0276906200	0.0523445918	-0.0011796924	0.0003301232	0.0005980215	0.9999990709
82.0000000000	86.0000000000	10.1727449598	0.0638739517	0.1281633874	-0.0007150236	-0.0001836107	0.0012409150	0.9999989576
82.0000000000	90.0000000000	21.9734131282	0.1628778166	0.2910756706	-0.0003950329	-0.0000276016	0.0021579236	0.9999975933
83.0000000000	85.0000000000	4.3617713062	0.0289737828	0.0549164844	-0.0000470135	0.0000311313	0.0004379536	0.9999999025
83.0000000000	87.0000000000	10.2239597415	0.0649296578	0.1307598184	-0.0000393099	-0.0001514396	0.0011064316	0.9999993757
83.0000000000	90.0000000000	19.0821061546	0.1315763230	0.2499689185	0.0004039769	0.0001215932	0.0018022522	0.9999982870
84.0000000000	86.0000000000	5.8130562306	0.0290489746	0.0797326946	0.0004641489	-0.0005147697	0.0006424406	0.9999995534
84.0000000000	87.0000000000	8.7556659701	0.0512967213	0.1228708831	0.0003409105	-0.0006326945	0.0008636009	0.9999993688
84.0000000000	91.0000000000	20.5817193523	0.1342385322	0.2911394029	0.0018017789	0.0003146827	0.0014535544	0.9999972709
85.0000000000	87.0000000000	5.8622105583	0.0308150730	0.0762141438	0.0000076028	-0.0001826058	0.0006684696	0.9999997599
85.0000000000	88.0000000000	8.8151878424	0.0492659541	0.1160383967	-0.0004127262	-0.0002034085	0.0012641796	0.9999990951
85.0000000000	92.0000000000	20.6661196041	0.1295807956	0.2724070678	0.0006816536	0.0004496710	0.0011000581	0.9999990615
86.0000000000	88.0000000000	5.8956766558	0.0343244220	0.0795279570	-0.0005434997	-0.0001382799	0.0008170189	0.9999995090
86.0000000000	90.0000000000	11.8009349959	0.0694890903	0.1586999702	0.0003203514	0.0001549558	0.0009170618	0.9999995162
86.0000000000	95.0000000000	25.2883523146	0.1420115402	0.3103418601	-0.0002613917	0.0011983986	-0.0006543675	0.9999990337
87.0000000000	89.0000000000	5.8934057270	0.0324342466	0.0773834653	-0.0003058110	0.0001561040	0.0007772808	0.9999996390
87.0000000000	92.0000000000	14.8040959042	0.0789727765	0.1907830611	0.0006745522	0.0006318292	0.0004314610	0.9999994798
87.0000000000	95.0000000000	22.3457811135	0.1135513004	0.2650131933	-0.0001380036	0.0013162802	-0.0008754679	0.9999987410
88.0000000000	91.0000000000	8.8734172528	0.0374517347	0.1141800586	0.0018828684	0.0009657136	-0.0000067107	0.9999977611
88.0000000000	93.0000000000	13.3649380265	0.0579359004	0.1689504523	0.0005296180	0.0011118240	-0.0002042646	0.9999992208
88.0000000000	97.0000000000	25.4873438293	0.0849780293	0.2794245978	-0.0002281261	0.0026283466	-0.0011104805	0.9999959033
89.0000000000	92.0000000000	8.9107208406	0.0326166278	0.1162054698	0.0009807863	0.0004750688	-0.0003455209	0.9999993465
89.0000000000	94.0000000000	13.4284669421	0.0478429112	0.1626572791	0.0006017922	0.0023201731	-0.0010161140	0.9999966111
89.0000000000	98.0000000000	25.5896742134	0.0683991645	0.2754477849	-0.0016941643	0.0027989534	-0.0014280673	0.9999936281
90.0000000000	92.0000000000	5.9457931226	0.0237311747	0.0774656800	0.0002311804	0.0003590364	-0.0002643997	0.9999998739
90.0000000000	94.0000000000	10.4635252185	0.0397623829	0.1249411400	-0.0001478840	0.0022036074	-0.0009364197	0.9999971227
90.0000000000	97.0000000000	19.5819197872	0.0559867408	0.2132121009	-0.0010916389	0.0023349351	-0.0012129011	0.9999959426
91.0000000000	92.0000000000	2.9776600069	0.0129606013	0.0431222239	-0.0007875447	-0.0003142526	-0.0001575320	0.9999996281
91.0000000000	96.0000000000	13.5730402796	0.0442672088	0.1636271610	-0.0018999258	0.0012067429	-0.0014211813	0.9999964571
91.0000000000	99.0000000000	22.7067934258	0.0628382167	0.2561374885	-0.0028729321	0.0023420457	-0.0011578484	0.9999924602
92.0000000000	94.0000000000	4.5176859103	0.0184447632	0.0507122131	-0.0003793105	0.0018443157	-0.0006725832	0.9999980011
92.0000000000	97.0000000000	13.6360012036	0.0395370411	0.1455235648	-0.0013230006	0.0019753307	-0.0009494340	0.9999967232
92.0000000000	100.0000000000	21.2632136729	0.0539824584	0.2084559770	-0.0014244144	0.0030986341	-0.0009587052	0.9999937252
93.0000000000	95.0000000000	6.0277917203	0.0203448586	0.0699801873	-0.0002452587	0.0002247036	-0.0012668256	0.9999991423
93.0000000000	98.0000000000	15.1648451737	0.0404468590	0.1697017889	-0.0021092292	0.0018624830	-0.0010449511	0.9999954952
93.0000000000	102.0000000000	25.9163678265	0.0499292678	0.2640065187	0.0026353054	0.0033728899	-0.0010601352	0.9999902774
94.0000000000	96.0000000000	6.0774617143	0.0241335882	0.0856164643	-0.0007324042	-0.0003227703	-0.0005909933	0.9999995051
94.0000000000	99.0000000000	15.2108526639	0.0576456357	0.2061259396	-0.0017067594	0.0008114198	-0.0003278281	0.9999981605
94.0000000000	102.0000000000	22.9116938078	0.0685147645	0.2932493210	0.0024481204	0.0019896077	-0.0004264681	0.9999949331
95.0000000000	97.0000000000	6.0942489779	0.0271891443	0.0701717852	-0.0005135011	0.0012904504	0.0003591635	0.9999989710
95.0000000000	99.0000000000	12.1873551101	0.0592646722	0.1337199607	-0.0012774851	0.0019709161	0.0003110555	0.9999971934
95.0000000000	104.0000000000	26.0317815700	0.0980437474	0.2391579401	0.0044469375	0.0034296006	-0.0007079823	0.9999839805
96.0000000000	98.0000000000	6.0830453432	0.0283727177	0.0796736690	-0.0015634907	0.0007979224	0.0001745113	0.9999984442
96.0000000000	100.0000000000	10.6673491294	0.0461936514	0.1270971000	-0.0003138489	0.0015760912	0.0003046722	0.9999986623
96.0000000000	105.0000000000	26.0537140288	0.0951298544	0.2691797588	0.0033457369	0.0026395125	-0.0016094088	0.9999896244
97.0000000000	99.0000000000	6.0929463370	0.0276248941	0.0793040703	-0.0007636778	0.0006807662	-0.0000487436	0.9999994755
97.0000000000	102.0000000000	13.7937582520	0.0426184447	0.1684636056	0.0033908811	0.0018602042	-0.0001457316	0.9999925101
97.0000000000	107.0000000000	29.1973782192	0.0703798309	0.3103797083	0.0027411843	0.0018305932	-0.0036642596	0.9999878539
98.0000000000	100.0000000000	4.5842273423	0.0160619979	0.0547936393	0.0012496719	0.0007777456	0.0001323741	0.9999989080
98.0000000000	102.0000000000	10.7510548147	0.0314666116	0.1344369304	0.0047429526	0.0015154010	-0.0000031668	0.9999876039
98.0000000000	106.0000000000	23.0655518713	0.0658839241	0.2527684805	0.0041251172	0.0018472175	-0.0026174290	0.9999863600
99.0000000000	101.0000000000	4.6188524215	0.0072373654	0.0572197808	0.0026699712	0.0006457055	0.0000439721	0.9999962262
99.0000000000	105.0000000000	16.9199267563	0.0417174923	0.1929651854	0.0043231856	0.0015067841	-0.0018673500	0.9999877763
99.0000000000	108.0000000000	26.1881863054	0.0287526876	0.2971877427	0.0041708626	0.0019620353	-0.0046310783	0.9999786535
100.0000000000	102.0000000000	6.1667015647	0.0139828061	0.0891974957	0.0034934939	0.0007370321	-0.0001337438	0.9999936172
100.0000000000	105.0000000000	15.3858685836	0.0394589476	0.1906115816	0.0036629181	0.0010629192	-0.0019079746	0.9999909064
100.0000000000	109.0000000000	27.7531363820	0.0052947944	0.3421317329	0.0046111882	0.0006871425	-0.0049964694	0.9999766498
101.0000000000	103.0000000000	6.1441694930	0.0141532167	0.0789811070	0.0032274923	0.0012521258	-0.0005355698	0.9999938643
101.0000000000	106.0000000000	15.3960187742	0.0402943889	0.1886587289	0.0008694927	0.0008569627	-0.0027536327	0.9999954635
101.0000000000	109.0000000000	24.6680939194	0.0005455604	0.3081178872	0.0026034246	0.0004739240	-0.0050000867	0.9999839982
102.0000000000	103.0000000000	3.0623655235	0.0067656482	0.0358475200	0.0017429002	0.0007181941	-0.0003980086	0.9999981440
102.0000000000	107.0000000000	15.4029765938	0.0334061923	0.1990131425	-0.0006431270	-0.0000416289	-0.0035196095	0.9999935985
102.0000000000	110.0000000000	24.6806417808	-0.0172869929	0.3239314025	0.0012050438	-0.0009434728	-0.0040615847	0.9999905806
103.0000000000	105.0000000000	6.1564943923	0.0271228701	0.0877251551	-0.0015710537	-0.0004015092	-0.0013776564	0.9999977363
103.0000000000	108.0000000000	15.4242956867	0.0246828703	0.2272424258	-0.0017182958	0.0000373777	-0.0041443091	0.9999899353
103.0000000000	111.0000000000	24.7239063999	-0.0156320622	0.3706176078	0.0000527768	-0.0018049885	-0.0028488312	0.9999943117
104.0000000000	105.0000000000	3.0758643453	0.0185020611	0.0416595611	-0.0014024680	0.0000422020	-0.0008637672	0.9999986426
104.0000000000	108.0000000000	12.3437850638	0.0255306087	0.1729429520	-0.0015511656	0.0004814772	-0.0036302837	0.9999920915
104.0000000000	112.0000000000	24.7583617741	-0.0031508792	0.3522610698	0.0001545078	-0.0012041102	-0.0017956705	0.9999976509
105.0000000000	107.0000000000	6.1838567766	0.0266980086	0.0881461851	-0.0008126231	-0.0003630799	-0.0017445808	0.9999980821
105.0000000000	111.0000000000	18.5676865988	0.0075446787	0.2679223275	0.0016251643	-0.0013989291	-0.0014740325	0.9999966145
105.0000000000	114.0000000000	27.9789740501	0.0376042233	0.3969457585	0.0011537071	0.0004654466	-0.0003898411	0.9999991502
106.0000000000	108.0000000000	6.1728582179	0.0148212936	0.0896210938	0.0006349372	0.0004469040	-0.0019238035	0.9999978481
106.0000000000	111.0000000000	15.4726762280	0.0151334166	0.2253964988	0.0024106220	-0.0013945703	-0.0006333758	0.9999959214
106.0000000000	114.0000000000	24.8839037892	0.0608304045	0.3544481109	0.0019376003	0.0004685578	0.0004522805	0.9999979108
107.0000000000	109.0000000000	6.1831693902	0.0089730100	0.0852430631	0.0017644820	-0.0000180145	-0.0013421915	0.9999975424
107.0000000000	112.0000000000	15.4987362840	0.0419600310	0.2130402318	0.0023725377	-0.0008771008	0.0008094177	0.9999964733
107.0000000000	116.0000000000	28.1648864779	0.1156264166	0.3674142533	0.0036962028	-0.0004686120	0.0004439973	0.9999929607
108.0000000000	110.0000000000	6.1935735669	0.0205569933	0.0923914708	0.0011907879	-0.0017015431	0.0004803629	0.9999977280
108.0000000000	113.0000000000	15.5392016182	0.0842888262	0.2409809614	0.0019741134	-0.0007960447	0.0023910673	0.9999948760
108.0000000000	117.0000000000	28.2927565758	0.1856478850	0.4145190752	0.0028829786	-0.0020880740	0.0025949278	0.9999902973
109.0000000000	111.0000000000	6.2007276380	0.0317450155	0.0852411233	0.0006765951	-0.0010100480	0.0016127809	0.9999979605
109.0000000000	114.0000000000	15.6117526546	0.1201312541	0.2069034503	0.0001998020	0.0008538972	0.0026953816	0.9999959829
109.0000000000	117.0000000000	25.1941918541	0.1938260273	0.3240144809	0.0017820844	-0.0012591018	0.0029146872	0.9999933717
110.0000000000	111.0000000000	3.1062195740	0.0128453854	0.0410667550	0.0005891787	-0.0001350088	0.0008111815	0.9999994883
110.0000000000	115.0000000000	15.7039419726	0.1132716584	0.1749519451	0.0001527533	0.0016736866	0.0014766577	0.9999974975
110.0000000000	118.0000000000	25.3318923123	0.1805099380	0.2781175127	0.0005704145	0.0014791157	0.0031071926	0.9999939161
111.0000000000	113.0000000000	6.2399989146	0.0321857425	0.0738513893	0.0001988295	0.0010428846	0.0010964687	0.9999988353
111.0000000000	115.0000000000	12.5979065741	0.0801419645	0.1303775229	-0.0004348666	0.0018094403	0.0006644704	0.9999980476
111.0000000000	118.0000000000	22.2259824685	0.1318787473	0.2308735258	-0.0000171414	0.0016154907	0.0022950659	0.9999960613
112.0000000000	114.0000000000	6.2966322554	0.0346634986	0.0687824211	-0.0004053021	0.0017095732	0.0005415841	0.9999983099
112.0000000000	116.0000000000	12.6664988088	0.0538383192	0.1318577321	0.0013236790	0.0004065462	-0.0003675462	0.9999989738
112.0000000000	120.0000000000	27.2543182740	0.1398257779	0.2602127540	0.0021838076	0.0033387358	0.0012336834	0.9999912809
113.0000000000	115.0000000000	6.3578634905	0.0340396156	0.0697694975	-0.0006324042	0.0007671646	-0.0004328104	0.9999994121
113.0000000000	116.0000000000	9.5412305828	0.0311771213	0.1096673719	0.0010584589	-0.0004809408	-0.0009227606	0.9999988984
113.0000000000	120.0000000000	24.1288867838	0.1010111100	0.2638456815	0.0019188004	0.0024512006	0.0006784561	0.9999949247
114.0000000000	115.0000000000	3.1863339641	0.0150368132	0.0397308692	0.0000385430	-0.0000558441	-0.0004173062	0.9999999106
114.0000000000	118.0000000000	12.8140543181	0.0458319015	0.1761875103	0.0004530146	-0.0002510122	0.0012139749	0.9999991290
114.0000000000	121.0000000000	24.2080307466	0.0950850052	0.3021838436	0.0019299684	0.0014239417	-0.0000618544	0.9999971219
115.0000000000	116.0000000000	3.1833035583	-0.0001613247	0.0447807593	0.0016917780	-0.0012470626	-0.0004894423	0.9999976716
115.0000000000	119.0000000000	12.8931879597	0.0559021161	0.1726347465	0.0015902434	0.0019398603	0.0012764535	0.9999960394
115.0000000000	122.0000000000	24.2738427101	0.1120725276	0.2988647059	0.0020383570	0.0020810533	-0.0004188538	0.9999956694
116.0000000000	118.0000000000	6.4445658966	0.0455857243	0.0743784317	-0.0012750021	0.0010550913	0.0021205151	0.9999963823
116.0000000000	120.0000000000	14.5876420837	0.0970610934	0.1399693393	0.0008584099	0.0029346251	0.0015976929	0.9999940492
116.0000000000	122.0000000000	21.0909833603	0.1336461355	0.2010604288	0.0003450411	0.0033283945	0.0000645245	0.9999943993
117.0000000000	118.0000000000	3.2317373701	0.0224278028	0.0289714778	-0.0011208655	0.0018680087	0.0009923219	0.9999971347
117.0000000000	120.0000000000	11.3750049302	0.0554946071	0.0813564885	0.0010142421	0.0037452080	0.0004680549	0.9999923628
117.0000000000	122.0000000000	17.8785029583	0.0773752958	0.1318995206	0.0005000741	0.0041397889	-0.0010646364	0.9999907393
118.0000000000	119.0000000000	3.2655348519	0.0064415454	0.0359738184	0.0011790107	0.0021327239	-0.0003559208	0.9999969674
118.0000000000	122.0000000000	14.6463619403	0.0255873448	0.1577319712	0.0016270234	0.0022724825	-0.0020513709	0.9999939902
118.0000000000	123.0000000000	19.5126250186	0.0220058186	0.2149865443	0.0021002755	0.0025207011	-0.0021195698	0.9999923711
119.0000000000	120.0000000000	4.8772777114	0.0139179075	0.0676645904	0.0009593622	-0.0002568991	-0.0001598980	0.9999994940
119.0000000000	122.0000000000	11.3801859823	0.0275874726	0.1702511907	0.0004515813	0.0001379250	-0.0016946554	0.9999984526
119.0000000000	124.0000000000	19.4700895380	0.0398727716	0.2936684083	-0.0009822632	-0.0017873837	-0.0014081827	0.9999969287
120.0000000000	122.0000000000	6.5029557763	0.0159446234	0.0992165803	-0.0005082369	0.0003932700	-0.0015350051	0.9999986154
120.0000000000	123.0000000000	11.3689703495	0.0176896879	0.1747315596	-0.0000349845	0.0006415901	-0.0016028479	0.9999985090
120.0000000000	126.0000000000	21.0451561576	0.0588499111	0.3068526989	-0.0036351457	0.0013550599	0.0010196672	0.9999919549
121.0000000000	122.0000000000	3.2520713290	0.0123204505	0.0483496629	0.0001488903	0.0005989483	-0.0007750564	0.9999995092
121.0000000000	124.0000000000	11.3420467934	0.0395632896	0.1642933697	-0.0012830495	-0.0013275923	-0.0004873437	0.9999981769
121.0000000000	126.0000000000	17.7942692304	0.0770484982	0.2500923054	-0.0029782281	0.0015566811	0.0017808828	0.9999927677
122.0000000000	123.0000000000	4.8659239718	0.0166041476	0.0793507447	0.0004728974	0.0002490809	-0.0000675307	0.9999998549
122.0000000000	125.0000000000	11.3165253289	0.0606996018	0.1808950710	-0.0023114251	-0.0000714921	0.0013104224	0.9999964675
122.0000000000	127.0000000000	19.3424933005	0.1337236467	0.2887958359	-0.0014363625	0.0014254961	0.0047197864	0.9999868141
123.0000000000	125.0000000000	6.4505465052	0.0450645541	0.1047151735	-0.0027846413	-0.0003201085	0.0013774109	0.9999951230
123.0000000000	126.0000000000	9.6758274287	0.0721678148	0.1445388817	-0.0036029816	0.0007076099	0.0026202151	0.9999898261
123.0000000000	128.0000000000	17.6622981166	0.1613900824	0.2597857574	-0.0016067256	0.0005877354	0.0050695546	0.9999856862
124.0000000000	126.0000000000	6.4523897863	0.0435756207	0.0687690638	-0.0016935764	0.0028805244	0.0022741714	0.9999918312
124.0000000000	127.0000000000	11.2533151550	0.0870396455	0.1200470206	0.0000037490	0.0033467330	0.0044374454	0.9999845541
124.0000000000	129.0000000000	17.6229356509	0.1704499886	0.1756278187	0.0007213575	0.0027488649	0.0046587308	0.9999851097
125.0000000000	126.0000000000	3.2253673206	0.0180010338	0.0378837745	-0.0008165372	0.0010253785	0.0012459296	0.9999983648
125.0000000000	127.0000000000	8.0261481637	0.0514910083	0.1070389292	0.0008772440	0.0014879563	0.0034127627	0.9999926847
125.0000000000	130.0000000000	19.1553232691	0.1709513637	0.2549452742	0.0022610703	0.0006704561	0.0035717535	0.9999908403
126.0000000000	127.0000000000	4.8006969590	0.0214073635	0.0790456689	0.0016921277	0.0004587033	0.0021689510	0.9999961110
126.0000000000	129.0000000000	11.1702030880	0.0755956529	0.1715550614	0.0024077340	-0.0001411697	0.0023912887	0.9999942323
126.0000000000	131.0000000000	19.1147126932	0.1397739978	0.2991876518	0.0035123826	-0.0010092958	0.0022771759	0.9999907294
127.0000000000	129.0000000000	6.3695973047	0.0268823328	0.0982156237	0.0007142042	-0.0006010459	0.0002236846	0.9999995393
127.0000000000	130.0000000000	11.1292472197	0.0437916022	0.1808840234	0.0013807913	-0.0008220759	0.0001617723	0.9999986957
127.0000000000	132.0000000000	19.0821616944	0.0644374218	0.3063561210	0.0037728860	-0.0004900559	-0.0000113477	0.9999927625
128.0000000000	129.0000000000	3.1836666635	0.0136741213	0.0435797059	0.0004135352	-0.0000083757	-0.0000590559	0.9999999127
128.0000000000	131.0000000000	11.1284299718	0.0394252409	0.1689068736	0.0015160419	-0.0008794328	-0.0001715772	0.9999984494
128.0000000000	134.0000000000	23.9359553999	0.0763121786	0.3383355880	0.0012337631	0.0004565413	-0.0012130732	0.9999983989
129.0000000000	130.0000000000	4.7597498563	0.0148932235	0.0769240032	0.0006665010	-0.0002212238	-0.0000621549	0.9999997515
129.0000000000	133.0000000000	15.9289209258	0.0509644226	0.2319922940	0.0016045691	0.0002720451	-0.0005440996	0.9999985277
129.0000000000	134.0000000000	20.7522832110	0.0653304794	0.2943497834	0.0008201910	0.0004644882	-0.0011542165	0.9999988897
130.0000000000	131.0000000000	3.1850313202	0.0123591060	0.0468208737	0.0004360860	-0.0006498210	-0.0000496790	0.9999996925
130.0000000000	134.0000000000	15.9926238914	0.0527145369	0.2102812637	0.0001534058	0.0006849937	-0.0010925524	0.9999991568
131.0000000000	134.0000000000	12.8078000088	0.0417624226	0.1467860965	-0.0002834236	0.0013343457	-0.0010432713	0.9999985254
131.0000000000	137.0000000000	24.1105530553	0.0663312098	0.2675430909	-0.0033584584	0.0015128112	-0.0022787520	0.9999906197
132.0000000000	134.0000000000	8.0394321394	0.0376127005	0.1030977595	-0.0022383624	0.0003510168	-0.0009185924	0.9999970114
133.0000000000	135.0000000000	8.0407353965	0.0308125587	0.1047656944	-0.0011646206	0.0001686184	-0.0008973916	0.9999989050
134.0000000000	137.0000000000	11.3023152025	0.0480685074	0.1509356257	-0.0030735705	0.0001756170	-0.0012395410	0.9999944929
135.0000000000	137.0000000000	8.0848959310	0.0377659401	0.1095121166	-0.0026934143	0.0001976330	-0.0009525626	0.9999958995
