1.000000 -0.000000 0.000000 0.000000 0.000000 1.000000 0.000000 0.000000 -0.000000 -0.000000 1.000000 0.000000
0.997732 0.067193 -0.003890 1.201736 -0.067206 0.997734 -0.003306 -0.030126 0.003659 0.003560 0.999987 0.004002
0.987514 0.157236 -0.009610 3.085592 -0.157259 0.987556 -0.001694 -0.226881 0.009224 0.003184 0.999952 0.030263
0.968324 0.249418 -0.011820 5.067072 -0.249488 0.968365 -0.004897 -0.640724 0.010224 0.007691 0.999918 0.079867
0.941496 0.336581 -0.017254 6.976567 -0.336767 0.941543 -0.009218 -1.221027 0.013143 0.014489 0.999809 0.152074
0.906114 0.422637 -0.018290 8.819504 -0.422853 0.906143 -0.010017 -1.985398 0.012340 0.016811 0.999783 0.177989
0.837294 0.546455 -0.018027 11.371453 -0.546673 0.837279 -0.010587 -3.398599 0.009308 0.018720 0.999781 0.245911
0.782149 0.622730 -0.021219 12.961255 -0.623027 0.782105 -0.012241 -4.550586 0.008973 0.022794 0.999700 0.284301
0.721260 0.692274 -0.023262 14.389900 -0.692633 0.721142 -0.014634 -5.817580 0.006645 0.026667 0.999622 0.337952
0.616141 0.787077 -0.029675 16.327671 -0.787602 0.616029 -0.013873 -7.957196 0.007362 0.031920 0.999463 0.384929
0.540845 0.840287 -0.037465 17.396013 -0.841063 0.540799 -0.012234 -9.498014 0.009981 0.038127 0.999223 0.431162
0.464030 0.884769 -0.043130 18.343301 -0.885783 0.463903 -0.013513 -11.165164 0.008052 0.044474 0.998978 0.449800
0.358454 0.932301 -0.048225 19.526630 -0.933536 0.358229 -0.013517 -13.834097 0.004673 0.049865 0.998745 0.500113
0.292692 0.954893 -0.050102 20.152187 -0.956207 0.292283 -0.015481 -15.717164 -0.000138 0.052439 0.998624 0.520715
0.198332 0.978903 -0.049122 20.902997 -0.980134 0.198003 -0.011524 -18.634171 -0.001555 0.050432 0.998726 0.529895
0.136869 0.989359 -0.049357 21.244483 -0.990571 0.136392 -0.012931 -20.697790 -0.006062 0.050662 0.998697 0.536834
0.055157 0.996895 -0.056194 21.538417 -0.998426 0.054493 -0.013289 -23.895056 -0.010185 0.056839 0.998331 0.519693
0.011289 0.997737 -0.066276 21.588030 -0.999850 0.010394 -0.013824 -26.106166 -0.013104 0.066422 0.997706 0.508721
-0.036631 0.996403 -0.076419 21.538343 -0.999159 -0.037929 -0.015607 -29.481776 -0.018450 0.075783 0.996954 0.471361
-0.061875 0.995102 -0.077100 21.426612 -0.997856 -0.063328 -0.016541 -31.786122 -0.021342 0.075911 0.996886 0.439137
-0.093527 0.992567 -0.077864 21.147514 -0.995488 -0.094485 -0.008708 -35.345514 -0.016000 0.076699 0.996926 0.381009
-0.112801 0.990550 -0.078019 20.768087 -0.993513 -0.113582 -0.005627 -39.071354 -0.014435 0.076878 0.996936 0.321456
-0.120712 0.989668 -0.077364 20.460501 -0.992604 -0.121345 -0.003520 -41.677580 -0.012871 0.076367 0.996997 0.286617
-0.128807 0.988518 -0.079003 19.975034 -0.991520 -0.129765 -0.007086 -45.737921 -0.017256 0.077421 0.996849 0.224262
-0.131803 0.987955 -0.081075 19.606176 -0.991122 -0.132781 -0.006760 -48.565020 -0.017444 0.079465 0.996685 0.167582
-0.132288 0.987797 -0.082207 19.220956 -0.991076 -0.133186 -0.005515 -51.477859 -0.016396 0.080744 0.996600 0.117627
-0.129112 0.988240 -0.081923 18.645786 -0.991500 -0.129992 -0.005479 -55.977525 -0.016064 0.080519 0.996624 0.053044
-0.127673 0.988414 -0.082082 18.260195 -0.991701 -0.128481 -0.004618 -59.082659 -0.015111 0.080811 0.996615 0.007034
-0.123983 0.988724 -0.083983 17.659328 -0.992146 -0.124935 -0.006158 -63.908683 -0.016581 0.082560 0.996448 -0.059666
-0.122730 0.988500 -0.088346 17.255248 -0.992281 -0.123818 -0.006918 -67.207103 -0.017777 0.086815 0.996066 -0.115690
-0.120591 0.988685 -0.089214 16.844109 -0.992563 -0.121590 -0.005827 -70.574751 -0.016609 0.087847 0.995995 -0.160900
-0.120048 0.988716 -0.089608 16.438814 -0.992607 -0.121164 -0.007106 -74.001855 -0.017883 0.088093 0.995952 -0.215417
-0.119717 0.988523 -0.092137 15.819010 -0.992644 -0.120869 -0.007000 -79.254854 -0.018056 0.090621 0.995722 -0.290821
-0.121648 0.988412 -0.090790 15.401561 -0.992430 -0.122673 -0.005778 -82.825848 -0.016849 0.089400 0.995853 -0.346390
-0.124497 0.988191 -0.089330 14.971801 -0.992070 -0.125536 -0.006081 -86.437699 -0.017223 0.087865 0.995983 -0.397072
-0.127332 0.988066 -0.086673 14.297217 -0.991692 -0.128431 -0.007201 -91.980973 -0.018246 0.085036 0.996211 -0.476597
-0.133652 0.987328 -0.085564 13.809939 -0.990872 -0.134663 -0.006133 -95.736320 -0.017578 0.083964 0.996314 -0.537032
-0.142346 0.986387 -0.082334 13.300033 -0.989629 -0.143446 -0.007572 -99.557759 -0.019280 0.080402 0.996576 -0.602081
-0.156623 0.984342 -0.080867 12.455013 -0.987513 -0.157480 -0.004292 -105.355557 -0.016960 0.079185 0.996716 -0.674143
-0.166461 0.982949 -0.078114 11.839213 -0.985893 -0.167315 -0.004477 -109.275976 -0.017470 0.076266 0.996934 -0.724709
-0.183149 0.980149 -0.075919 10.834109 -0.982878 -0.184150 -0.006347 -115.199160 -0.020201 0.073457 0.997094 -0.812809
-0.200499 0.976708 -0.076428 9.694391 -0.979489 -0.201440 -0.004734 -121.194138 -0.020019 0.073911 0.997064 -0.893297
-0.211469 0.974489 -0.075184 8.873713 -0.977174 -0.212396 -0.004456 -125.213490 -0.020311 0.072525 0.997160 -0.958203
-0.224479 0.971341 -0.078135 7.533843 -0.974205 -0.225594 -0.005645 -131.295099 -0.023110 0.074852 0.996927 -1.059944
-0.231975 0.969461 -0.079583 6.592457 -0.972442 -0.233092 -0.004915 -135.386609 -0.023315 0.076249 0.996816 -1.134761
-0.239745 0.967728 -0.077615 5.611932 -0.970550 -0.240849 -0.005044 -139.517521 -0.023575 0.074120 0.996971 -1.214979
-0.247938 0.965838 -0.075391 4.591552 -0.968490 -0.249003 -0.004916 -143.668287 -0.023521 0.071797 0.997142 -1.298674
-0.256903 0.963531 -0.074898 3.527521 -0.966151 -0.257942 -0.004378 -147.844467 -0.023538 0.071238 0.997182 -1.376342
-0.269821 0.959945 -0.075511 1.842042 -0.962572 -0.270975 -0.005290 -154.180026 -0.025539 0.071258 0.997131 -1.497845
-0.277217 0.957797 -0.076003 0.654835 -0.960476 -0.278330 -0.004260 -158.429420 -0.025234 0.071818 0.997099 -1.583585
-0.285200 0.955422 -0.076357 -0.566722 -0.958174 -0.286180 -0.001980 -162.683273 -0.023743 0.072599 0.997079 -1.663368
-0.292239 0.953344 -0.075709 -1.822190 -0.956048 -0.293205 -0.001725 -166.951550 -0.023843 0.071877 0.997128 -1.748361
-0.303275 0.949566 -0.079674 -3.793433 -0.952557 -0.304357 -0.001504 -173.382912 -0.025678 0.075438 0.996820 -1.871469
-0.308089 0.947931 -0.080675 -5.163039 -0.950959 -0.309305 -0.002730 -177.708574 -0.027541 0.075878 0.996737 -1.965324
-0.317532 0.945122 -0.076932 -7.269279 -0.947935 -0.318465 0.000153 -184.232712 -0.024355 0.072975 0.997036 -2.106586
-0.323416 0.943377 -0.073762 -8.725354 -0.945993 -0.324184 0.001648 -188.596376 -0.022358 0.070311 0.997275 -2.201355
-0.334678 0.939397 -0.074328 -10.997156 -0.942000 -0.335612 -0.000078 -195.231076 -0.025019 0.069990 0.997234 -2.326762
-0.342180 0.936755 -0.073512 -12.568138 -0.939284 -0.343140 -0.000461 -199.664034 -0.025656 0.068891 0.997294 -2.420585
-0.352202 0.933044 -0.073361 -14.992139 -0.935574 -0.353130 0.000349 -206.300907 -0.025581 0.068757 0.997305 -2.549943
-0.360106 0.929699 -0.077357 -17.501166 -0.932487 -0.361203 -0.000203 -212.954229 -0.028130 0.072062 0.997003 -2.696124
-0.365876 0.927511 -0.076531 -19.216313 -0.930254 -0.366917 0.000497 -217.415737 -0.027620 0.071375 0.997067 -2.794653
-0.374732 0.924247 -0.073097 -21.819155 -0.926782 -0.375594 0.002088 -224.053251 -0.025525 0.068527 0.997323 -2.929688
-0.382321 0.920877 -0.076260 -24.528116 -0.923598 -0.383362 0.001070 -230.731074 -0.028249 0.070842 0.997087 -3.058744
-0.388324 0.918517 -0.074374 -26.363488 -0.921074 -0.389388 0.000211 -235.195284 -0.028767 0.068586 0.997230 -3.155468
-0.398641 0.914305 -0.071635 -29.167897 -0.916614 -0.399771 -0.001577 -241.836403 -0.030079 0.065033 0.997430 -3.313537
-0.406880 0.910769 -0.070349 -31.090471 -0.912943 -0.408077 -0.002916 -246.281939 -0.031363 0.063038 0.997518 -3.418496
-0.413658 0.907774 -0.069526 -33.035463 -0.909890 -0.414840 -0.002847 -250.687874 -0.031427 0.062083 0.997576 -3.533405
-0.425644 0.902300 -0.068428 -36.032778 -0.904325 -0.426833 -0.003084 -257.254576 -0.031990 0.060568 0.997651 -3.701022
-0.432354 0.899037 -0.069301 -38.070983 -0.901128 -0.433547 -0.002426 -261.604338 -0.032226 0.061400 0.997593 -3.832548
-0.442536 0.893791 -0.072801 -41.230704 -0.896191 -0.443668 0.000693 -268.144921 -0.031680 0.065550 0.997346 -4.015236
-0.448860 0.890441 -0.075092 -43.381038 -0.893098 -0.449843 0.004227 -272.513848 -0.030016 0.068962 0.997168 -4.134364
-0.458797 0.885377 -0.074919 -46.688129 -0.888045 -0.459725 0.005368 -279.083128 -0.029690 0.068994 0.997175 -4.336472
-0.468502 0.880440 -0.073016 -50.120863 -0.882990 -0.469351 0.006132 -285.728817 -0.028871 0.067346 0.997312 -4.538766
-0.473642 0.877433 -0.075991 -52.470130 -0.880177 -0.474607 0.005958 -290.173710 -0.030838 0.069708 0.997091 -4.666437
-0.478915 0.874455 -0.077261 -54.865935 -0.877253 -0.480001 0.005058 -294.663296 -0.032662 0.070200 0.996998 -4.810573
-0.485090 0.870861 -0.079307 -58.550861 -0.873744 -0.486374 0.003537 -301.434464 -0.035492 0.071009 0.996844 -5.051010
-0.490671 0.867985 -0.076440 -61.042584 -0.870719 -0.491753 0.005271 -305.950689 -0.033015 0.069144 0.997060 -5.211142
-0.503123 0.861171 -0.072478 -64.878727 -0.863453 -0.504428 0.000332 -312.812845 -0.036274 0.062748 0.997370 -5.461116
-0.511277 0.856370 -0.072296 -67.529511 -0.858553 -0.512723 -0.001686 -317.372201 -0.038511 0.061208 0.997382 -5.642438
-0.524447 0.848060 -0.075825 -71.605939 -0.850481 -0.526005 -0.000676 -324.216459 -0.040457 0.064133 0.997121 -5.919813
-0.531615 0.843503 -0.076733 -74.394923 -0.845834 -0.533432 -0.003823 -328.747526 -0.044157 0.062871 0.997044 -6.114917
-0.543978 0.835447 -0.078209 -78.649510 -0.837779 -0.545984 -0.005203 -335.528437 -0.047048 0.062691 0.996923 -6.418341
-0.551992 0.830174 -0.078205 -81.522804 -0.832366 -0.554172 -0.007674 -339.989161 -0.049710 0.060859 0.996908 -6.633723
-0.561615 0.823742 -0.077697 -85.916554 -0.825690 -0.564010 -0.011317 -346.627759 -0.053145 0.057798 0.996913 -6.983531
-0.567920 0.820085 -0.070194 -88.896755 -0.821491 -0.570059 -0.013616 -351.061401 -0.051180 0.049931 0.997440 -7.230900
-0.574355 0.815495 -0.071306 -91.905504 -0.816751 -0.576736 -0.017107 -355.461056 -0.055075 0.048413 0.997308 -7.475566
-0.580143 0.811613 -0.068683 -94.969730 -0.812638 -0.582466 -0.018786 -359.850579 -0.055252 0.044916 0.997462 -7.725106
-0.586151 0.807320 -0.068282 -98.075834 -0.807967 -0.588710 -0.024700 -364.241373 -0.060139 0.040691 0.997360 -7.997371
-0.592750 0.802585 -0.067119 -101.228500 -0.803080 -0.595299 -0.026098 -368.636460 -0.060902 0.038432 0.997404 -8.285559
-0.598639 0.798123 -0.068042 -104.450689 -0.798542 -0.601306 -0.027602 -373.037943 -0.062944 0.037811 0.997301 -8.573321
-0.603513 0.795343 -0.056580 -107.653693 -0.795063 -0.605637 -0.032840 -377.359201 -0.060386 0.025165 0.997858 -8.849364
-0.609985 0.790852 -0.049715 -110.871390 -0.791043 -0.611418 -0.020442 -381.639195 -0.046563 0.026857 0.998554 -9.109037
-0.612561 0.787748 -0.064977 -114.157771 -0.787933 -0.615085 -0.028851 -385.904464 -0.062694 0.033525 0.997470 -9.336579
-0.617664 0.783845 -0.063861 -117.461158 -0.782834 -0.620570 -0.045439 -390.216563 -0.075248 0.021927 0.996924 -9.690730
-0.625995 0.776960 -0.066809 -122.454945 -0.776683 -0.628864 -0.035957 -396.558631 -0.069951 0.029380 0.997118 -10.196131
-0.627995 0.775412 -0.066019 -124.137679 -0.775315 -0.630718 -0.032900 -398.665422 -0.067150 0.030524 0.997276 -10.358769
-0.635919 0.768616 -0.069550 -129.216610 -0.768471 -0.638942 -0.034726 -404.940977 -0.071130 0.031364 0.996974 -10.850290
-0.639999 0.765121 -0.070645 -132.641365 -0.764994 -0.643100 -0.034738 -409.106608 -0.072011 0.031811 0.996896 -11.187028
-0.640556 0.764578 -0.071473 -134.354958 -0.764481 -0.643714 -0.034649 -411.177857 -0.072500 0.032446 0.996841 -11.355626
-0.643513 0.761295 -0.079509 -139.525005 -0.761300 -0.647357 -0.036769 -417.365251 -0.079463 0.036869 0.996156 -11.886228
-0.646403 0.759476 -0.073216 -142.966471 -0.759233 -0.649765 -0.037025 -421.475997 -0.075693 0.031655 0.996629 -12.254771
-0.649623 0.757018 -0.070101 -146.431953 -0.756568 -0.652789 -0.038351 -425.576803 -0.074794 0.028123 0.996802 -12.612350
-0.651124 0.756081 -0.066179 -149.900507 -0.755337 -0.654061 -0.040877 -429.678365 -0.074191 0.023372 0.996970 -12.965416
-0.652230 0.754995 -0.067666 -153.378343 -0.754103 -0.655333 -0.043218 -433.747734 -0.076973 0.022839 0.996772 -13.315487
-0.650667 0.755276 -0.078680 -156.872342 -0.754431 -0.654752 -0.046199 -437.817070 -0.086409 0.029298 0.995829 -13.701594
-0.648155 0.757313 -0.079831 -160.361299 -0.756138 -0.652466 -0.050430 -441.893824 -0.090278 0.027677 0.995532 -14.122182
-0.645549 0.760888 -0.065698 -163.785946 -0.759219 -0.648691 -0.052786 -445.978949 -0.082782 0.015803 0.996442 -14.547532
-0.640171 0.765408 -0.065816 -167.205275 -0.763716 -0.643343 -0.053357 -450.065000 -0.083182 0.016107 0.996404 -14.930452
-0.635756 0.769296 -0.063225 -170.603195 -0.767574 -0.638727 -0.053464 -454.161958 -0.081513 0.014540 0.996566 -15.322433
-0.633295 0.772083 -0.053149 -173.956428 -0.769483 -0.635521 -0.063309 -458.295044 -0.082657 0.000804 0.996578 -15.726690
-0.631649 0.773972 -0.044575 -177.305414 -0.771060 -0.633166 -0.067586 -462.467579 -0.080533 -0.008320 0.996717 -16.117464
-0.628821 0.775918 -0.050348 -180.660991 -0.772811 -0.630815 -0.069538 -466.618421 -0.085716 -0.004818 0.996308 -16.496679
-0.627503 0.776984 -0.050348 -182.328190 -0.773683 -0.629490 -0.071808 -468.694934 -0.087488 -0.006106 0.996147 -16.706464
-0.625865 0.778584 -0.045829 -185.643307 -0.775357 -0.627473 -0.071404 -472.844948 -0.084350 -0.009155 0.996394 -17.123497
-0.624002 0.779938 -0.048155 -188.963210 -0.776801 -0.625825 -0.070170 -477.004024 -0.084865 -0.006379 0.996372 -17.516050
-0.622256 0.781194 -0.050335 -190.618450 -0.778019 -0.624271 -0.070518 -479.087774 -0.086510 -0.004719 0.996240 -17.717379
-0.620241 0.782785 -0.050494 -193.911602 -0.779495 -0.622271 -0.071883 -483.255599 -0.087690 -0.005224 0.996134 -18.130889
-0.619301 0.783471 -0.051381 -195.553597 -0.780085 -0.621408 -0.072937 -485.337565 -0.089073 -0.005088 0.996012 -18.343062
-0.618017 0.784547 -0.050400 -198.828043 -0.781099 -0.620038 -0.073734 -489.522761 -0.089098 -0.006201 0.996004 -18.770507
-0.617529 0.784965 -0.049877 -200.467055 -0.781602 -0.619511 -0.072834 -491.623105 -0.088071 -0.005993 0.996096 -18.984674
-0.616362 0.785798 -0.051182 -203.731922 -0.782236 -0.618452 -0.074990 -495.815171 -0.090581 -0.006184 0.995870 -19.404579
-0.616990 0.785326 -0.050866 -206.989499 -0.781562 -0.619033 -0.077202 -500.005728 -0.092116 -0.007878 0.995717 -19.844861
-0.616552 0.785672 -0.050824 -208.611351 -0.781942 -0.618596 -0.076844 -502.088328 -0.091814 -0.007637 0.995747 -20.064417
-0.616782 0.785411 -0.052054 -211.874750 -0.781525 -0.618927 -0.078408 -506.273085 -0.093800 -0.007679 0.995561 -20.503101
-0.617893 0.784496 -0.052671 -215.136214 -0.780338 -0.620068 -0.081167 -510.469750 -0.096335 -0.009051 0.995308 -20.959783
-0.617327 0.784989 -0.051963 -216.771611 -0.780837 -0.619437 -0.081193 -512.566994 -0.095923 -0.009549 0.995343 -21.195209
-0.617960 0.784465 -0.052336 -220.046447 -0.780349 -0.620106 -0.080767 -516.753951 -0.095813 -0.009070 0.995358 -21.654901
-0.617089 0.785137 -0.052542 -221.678343 -0.780986 -0.619256 -0.081135 -518.847733 -0.096239 -0.009033 0.995317 -21.886223
-0.616929 0.785318 -0.051706 -224.951985 -0.781130 -0.619012 -0.081615 -523.049177 -0.096101 -0.009961 0.995322 -22.346435
-0.617474 0.784813 -0.052870 -228.207924 -0.780404 -0.619645 -0.083725 -527.221102 -0.098469 -0.010438 0.995085 -22.811950
-0.616478 0.785517 -0.054019 -229.833997 -0.780978 -0.618756 -0.084939 -529.308031 -0.100146 -0.010176 0.994921 -23.056333
-0.616649 0.785331 -0.054756 -233.101029 -0.780876 -0.619009 -0.084021 -533.488644 -0.099879 -0.009054 0.994958 -23.532721
-0.615792 0.785953 -0.055489 -234.720350 -0.781461 -0.618227 -0.084346 -535.568708 -0.100596 -0.008577 0.994890 -23.774618
-0.615575 0.786103 -0.055763 -236.352410 -0.781495 -0.618029 -0.085469 -537.662805 -0.101651 -0.009034 0.994779 -24.017971
-0.615956 0.785864 -0.054911 -239.614429 -0.781183 -0.618314 -0.086259 -541.856467 -0.101740 -0.010236 0.994758 -24.510300
-0.616000 0.785774 -0.055711 -241.248677 -0.780959 -0.618427 -0.087475 -543.957114 -0.103189 -0.010376 0.994608 -24.759830
-0.616249 0.785526 -0.056444 -244.502474 -0.780418 -0.618721 -0.090181 -548.139046 -0.105762 -0.011524 0.994325 -25.269925
-0.617218 0.784865 -0.055038 -246.133790 -0.779851 -0.619545 -0.089416 -550.229589 -0.104279 -0.012268 0.994472 -25.522201
-0.617023 0.785131 -0.053404 -247.761180 -0.780328 -0.619206 -0.087592 -552.321022 -0.101839 -0.012373 0.994724 -25.777696
-0.617545 0.784569 -0.055577 -251.027737 -0.779585 -0.619931 -0.089062 -556.495844 -0.104330 -0.011673 0.994474 -26.274317
-0.616844 0.784976 -0.057584 -252.663974 -0.779829 -0.619431 -0.090404 -558.590902 -0.106634 -0.010859 0.994239 -26.531288
-0.617517 0.784416 -0.058003 -255.924112 -0.779355 -0.620154 -0.089528 -562.759669 -0.106198 -0.010080 0.994294 -27.051255
-0.617483 0.784327 -0.059538 -259.205702 -0.779291 -0.620287 -0.089165 -566.952498 -0.106865 -0.008661 0.994236 -27.568840
-0.616623 0.784881 -0.061142 -260.850254 -0.779739 -0.619597 -0.090040 -569.056585 -0.108554 -0.007846 0.994060 -27.831046
-0.616774 0.784713 -0.061768 -264.108182 -0.779450 -0.619807 -0.091081 -573.223278 -0.109756 -0.008032 0.993926 -28.362967
-0.615835 0.785360 -0.062902 -265.750272 -0.780064 -0.618998 -0.091335 -575.325321 -0.110667 -0.007180 0.993832 -28.628683
-0.615523 0.785568 -0.063363 -269.005761 -0.780024 -0.618722 -0.093520 -579.499673 -0.112671 -0.008140 0.993599 -29.171990
-0.614734 0.786246 -0.062605 -270.644993 -0.780528 -0.617839 -0.095134 -581.601545 -0.113478 -0.009618 0.993494 -29.450459
-0.613753 0.787003 -0.062713 -273.904796 -0.781481 -0.616892 -0.093442 -585.796840 -0.112226 -0.008341 0.993648 -30.002914
-0.613074 0.787453 -0.063699 -275.534912 -0.781980 -0.616333 -0.092958 -587.895016 -0.112460 -0.007179 0.993630 -30.269426
-0.611494 0.788528 -0.065568 -278.762981 -0.782856 -0.614965 -0.094627 -592.060367 -0.114938 -0.006533 0.993351 -30.819938
-0.611498 0.788563 -0.065103 -280.378719 -0.782907 -0.614916 -0.094521 -594.160978 -0.114569 -0.006830 0.993392 -31.089977
-0.609735 0.789999 -0.064223 -283.609989 -0.784288 -0.613060 -0.095126 -598.350307 -0.114522 -0.007633 0.993391 -31.651067
-0.609110 0.790486 -0.064168 -285.221383 -0.784665 -0.612426 -0.096098 -600.449586 -0.115263 -0.008183 0.993301 -31.928339
-0.607971 0.791447 -0.063113 -288.427206 -0.785417 -0.611156 -0.098022 -604.636414 -0.116151 -0.010025 0.993181 -32.490874
-0.608127 0.791426 -0.061863 -290.018107 -0.785306 -0.611156 -0.098907 -606.723669 -0.116085 -0.011567 0.993172 -32.776226
-0.607631 0.791803 -0.061905 -293.228245 -0.785671 -0.610667 -0.099034 -610.912059 -0.116218 -0.011540 0.993157 -33.339591
-0.608206 0.791265 -0.063137 -294.823640 -0.784943 -0.611365 -0.100488 -613.010478 -0.118112 -0.011558 0.992933 -33.623077
-0.608009 0.791517 -0.061856 -298.030234 -0.785103 -0.611007 -0.101410 -617.203224 -0.118062 -0.013095 0.992920 -34.208938
-0.608039 0.791603 -0.060438 -301.242217 -0.785481 -0.610902 -0.099088 -621.408348 -0.115360 -0.012777 0.993242 -34.780630
-0.608337 0.791324 -0.061088 -302.837904 -0.785203 -0.611274 -0.099002 -623.503248 -0.115684 -0.012260 0.993210 -35.063871
-0.607869 0.791458 -0.063954 -307.659118 -0.784999 -0.611115 -0.101561 -629.806980 -0.119465 -0.011532 0.992771 -35.927902
-0.607289 0.791923 -0.063701 -309.282368 -0.785470 -0.610510 -0.101561 -631.934655 -0.119319 -0.011642 0.992788 -36.222020
-0.607154 0.792030 -0.063663 -312.480126 -0.785535 -0.610367 -0.101916 -636.131372 -0.119578 -0.011869 0.992754 -36.807519
-0.605689 0.793117 -0.064086 -315.678258 -0.786458 -0.608948 -0.103274 -640.327207 -0.120933 -0.012150 0.992586 -37.392463
-0.605616 0.793188 -0.063895 -317.263812 -0.786467 -0.608847 -0.103806 -642.413387 -0.121240 -0.012615 0.992543 -37.687539
-0.604916 0.793738 -0.063690 -320.464586 -0.787052 -0.608130 -0.103569 -646.626900 -0.120938 -0.012523 0.992581 -38.277778
-0.603623 0.794590 -0.065314 -323.668447 -0.787767 -0.607034 -0.104560 -650.861039 -0.122730 -0.011663 0.992372 -38.872363
-0.602758 0.795308 -0.064567 -326.848801 -0.788703 -0.606104 -0.102883 -655.073722 -0.120958 -0.011089 0.992596 -39.469583
-0.602120 0.795724 -0.065377 -328.437623 -0.789077 -0.605568 -0.103178 -657.183707 -0.121691 -0.010538 0.992512 -39.766258
-0.600943 0.796442 -0.067441 -331.617912 -0.789591 -0.604638 -0.104681 -661.407489 -0.124150 -0.009656 0.992217 -40.362367
-0.600136 0.797029 -0.067685 -334.785923 -0.790026 -0.603857 -0.105902 -665.627763 -0.125280 -0.010083 0.992070 -40.975084
-0.599380 0.797681 -0.066697 -337.900892 -0.790785 -0.602992 -0.105168 -669.784894 -0.124108 -0.010293 0.992215 -41.577862
-0.598642 0.798251 -0.066502 -339.489998 -0.791379 -0.602238 -0.105016 -671.910201 -0.123879 -0.010239 0.992244 -41.883898
-0.598596 0.798316 -0.066139 -342.624055 -0.791323 -0.602136 -0.106025 -676.104960 -0.124466 -0.011129 0.992161 -42.491764
-0.598749 0.798277 -0.065214 -345.802148 -0.791082 -0.602152 -0.107719 -680.368949 -0.125259 -0.012907 0.992040 -43.107063
-0.599644 0.797685 -0.064239 -348.960876 -0.790487 -0.602915 -0.107814 -684.598900 -0.124732 -0.013870 0.992094 -43.722649
-0.600352 0.797096 -0.064933 -350.542047 -0.789816 -0.603696 -0.108358 -686.719098 -0.125572 -0.013768 0.991989 -44.029851
-0.600635 0.796690 -0.067250 -353.723756 -0.789254 -0.604257 -0.109324 -690.958628 -0.127734 -0.012587 0.991729 -44.652201
-0.600900 0.796518 -0.066919 -356.873078 -0.789069 -0.604476 -0.109449 -695.153898 -0.127629 -0.012964 0.991737 -45.281395
-0.600773 0.796592 -0.067184 -358.458451 -0.789225 -0.604392 -0.108785 -697.265609 -0.127263 -0.012332 0.991792 -45.597471
-0.599504 0.797244 -0.070689 -363.188810 -0.790026 -0.603597 -0.107375 -703.550425 -0.128272 -0.008526 0.991702 -46.529262
-0.598158 0.798280 -0.070397 -366.376307 -0.791054 -0.602224 -0.107519 -707.804227 -0.128225 -0.008626 0.991708 -47.159684
-0.598162 0.798363 -0.069421 -367.934643 -0.791126 -0.602102 -0.107672 -709.899819 -0.127760 -0.009484 0.991760 -47.474341
-0.596663 0.799514 -0.069069 -371.107608 -0.792185 -0.600564 -0.108473 -714.154383 -0.128206 -0.010006 0.991697 -48.106301
-0.595245 0.800280 -0.072363 -374.251310 -0.792706 -0.599571 -0.110146 -718.385719 -0.131535 -0.008201 0.991278 -48.738954
-0.594505 0.800774 -0.072967 -377.375749 -0.793315 -0.598925 -0.109275 -722.591734 -0.131206 -0.007079 0.991330 -49.379253
-0.593283 0.801767 -0.072003 -380.508167 -0.794508 -0.597598 -0.107861 -726.828395 -0.129508 -0.006785 0.991555 -50.022924
-0.591825 0.802836 -0.072092 -382.078958 -0.795620 -0.596166 -0.107585 -728.959847 -0.129351 -0.006314 0.991579 -50.345746
-0.591013 0.803415 -0.072304 -385.185343 -0.796267 -0.595392 -0.107084 -733.189143 -0.129082 -0.005715 0.991617 -50.972315
-0.589071 0.805009 -0.070403 -388.298782 -0.797546 -0.593202 -0.109684 -737.455910 -0.130060 -0.008462 0.991470 -51.617449
-0.588983 0.805095 -0.070153 -389.834545 -0.797651 -0.593084 -0.109567 -739.560418 -0.129819 -0.008576 0.991501 -51.937447
-0.587376 0.806192 -0.071016 -392.946202 -0.799018 -0.591619 -0.107506 -743.836273 -0.128685 -0.006404 0.991665 -52.567660
-0.586867 0.806479 -0.071970 -396.023555 -0.799061 -0.591226 -0.109329 -748.082299 -0.130722 -0.006653 0.991397 -53.203313
-0.587472 0.806051 -0.071826 -397.564658 -0.798381 -0.591793 -0.111216 -750.200190 -0.132152 -0.007992 0.991197 -53.535649
-0.587210 0.806532 -0.068483 -400.648145 -0.798996 -0.591103 -0.110468 -754.460432 -0.129577 -0.010150 0.991517 -54.177643
-0.587052 0.806476 -0.070474 -402.195738 -0.798883 -0.591203 -0.110746 -756.586399 -0.130978 -0.008713 0.991347 -54.498191
-0.584958 0.807527 -0.075662 -405.294629 -0.799977 -0.589818 -0.110235 -760.858711 -0.133644 -0.003955 0.991021 -55.154857
-0.583976 0.808303 -0.074956 -408.385295 -0.801167 -0.588761 -0.107197 -765.133065 -0.130779 -0.002548 0.991408 -55.810514
-0.584115 0.808275 -0.074173 -409.927423 -0.801362 -0.588801 -0.105509 -767.270657 -0.128953 -0.002190 0.991648 -56.133154
-0.581434 0.810035 -0.076007 -413.015912 -0.803023 -0.586381 -0.106355 -771.573344 -0.130720 -0.000803 0.991419 -56.769831
-0.578901 0.811945 -0.074958 -417.600433 -0.804684 -0.583728 -0.108374 -778.006153 -0.131748 -0.002420 0.991280 -57.751267
-0.578664 0.812118 -0.074918 -419.132183 -0.804779 -0.583487 -0.108967 -780.160503 -0.132207 -0.002763 0.991218 -58.077768
-0.576360 0.813865 -0.073712 -422.178578 -0.806565 -0.581045 -0.108805 -784.464377 -0.131382 -0.003257 0.991326 -58.736694
-0.576535 0.813699 -0.074177 -423.700168 -0.806435 -0.581281 -0.108516 -786.615483 -0.131417 -0.002744 0.991323 -59.051504
-0.576045 0.813947 -0.075244 -426.731302 -0.806405 -0.580931 -0.110594 -790.910731 -0.133729 -0.003030 0.991013 -59.704593
-0.575420 0.814454 -0.074548 -428.248023 -0.806690 -0.580211 -0.112277 -793.066710 -0.134698 -0.004470 0.990877 -60.033139
-0.576795 0.813725 -0.071820 -431.284105 -0.805975 -0.581209 -0.112252 -797.384815 -0.133084 -0.006861 0.991081 -60.699082
-0.576395 0.813995 -0.071977 -432.794365 -0.806214 -0.580832 -0.112490 -799.522164 -0.133373 -0.006810 0.991043 -61.022998
-0.578252 0.812486 -0.074102 -435.819839 -0.804761 -0.582958 -0.111891 -803.794589 -0.134108 -0.005067 0.990954 -61.677761
-0.578131 0.812470 -0.075212 -437.335854 -0.804724 -0.582987 -0.112003 -805.931395 -0.134847 -0.004228 0.990857 -62.004765
-0.579544 0.811401 -0.075872 -440.358619 -0.803403 -0.584468 -0.113761 -810.190542 -0.136650 -0.004973 0.990607 -62.666638
-0.579069 0.811946 -0.073644 -441.876708 -0.804066 -0.583700 -0.113018 -812.321582 -0.134750 -0.006231 0.990860 -63.001908
-0.578652 0.812393 -0.071972 -444.900167 -0.804807 -0.583077 -0.110935 -816.569830 -0.132088 -0.006269 0.991218 -63.650715
-0.578300 0.812564 -0.072862 -446.421209 -0.804937 -0.582845 -0.111215 -818.718531 -0.132837 -0.005666 0.991122 -63.977395
-0.578292 0.812509 -0.073543 -447.948785 -0.804786 -0.582923 -0.111890 -820.861870 -0.133781 -0.005519 0.990996 -64.306404
-0.575969 0.813960 -0.075686 -450.951674 -0.806165 -0.580909 -0.112441 -825.104561 -0.135489 -0.003747 0.990772 -64.963075
-0.575628 0.814116 -0.076602 -452.455492 -0.806340 -0.580695 -0.112285 -827.234398 -0.135895 -0.002867 0.990719 -65.294650
-0.573666 0.815440 -0.077234 -453.956701 -0.807658 -0.578838 -0.112410 -829.357097 -0.136369 -0.002107 0.990656 -65.628936
-0.571671 0.816758 -0.078095 -456.959589 -0.808875 -0.576979 -0.113207 -833.641600 -0.137522 -0.001548 0.990497 -66.300865
-0.570093 0.817783 -0.078898 -458.453762 -0.809809 -0.575526 -0.113930 -835.780780 -0.138578 -0.001058 0.990351 -66.642205
-0.567483 0.819595 -0.078911 -461.427082 -0.811218 -0.572938 -0.116905 -840.057890 -0.141026 -0.002327 0.990003 -67.326826
-0.566513 0.820392 -0.077589 -462.921335 -0.812013 -0.571792 -0.116999 -842.231731 -0.140350 -0.003278 0.990097 -67.682896
-0.564749 0.821533 -0.078366 -465.888564 -0.813157 -0.570156 -0.117042 -846.535400 -0.140835 -0.002375 0.990030 -68.377406
-0.564542 0.821610 -0.079051 -467.389500 -0.813143 -0.570046 -0.117672 -848.725481 -0.141743 -0.002151 0.989901 -68.734801
-0.565023 0.821264 -0.079206 -468.868426 -0.812678 -0.570542 -0.118478 -850.891833 -0.142492 -0.002574 0.989793 -69.087788
-0.564570 0.821498 -0.080006 -470.359749 -0.812632 -0.570203 -0.120408 -853.059617 -0.144535 -0.002963 0.989495 -69.448322
-0.564831 0.821537 -0.077736 -473.331108 -0.812277 -0.570119 -0.123170 -857.397126 -0.145508 -0.006427 0.989336 -70.170219
-0.564830 0.821635 -0.076693 -474.817929 -0.812513 -0.569973 -0.122286 -859.567646 -0.144188 -0.006756 0.989527 -70.537297
-0.564743 0.821712 -0.076510 -476.290640 -0.812429 -0.569853 -0.123396 -861.722652 -0.144995 -0.007528 0.989404 -70.894107
-0.563174 0.822837 -0.075991 -479.267606 -0.813389 -0.568216 -0.124617 -866.062002 -0.145719 -0.008371 0.989291 -71.628277
-0.563335 0.822713 -0.076139 -480.747062 -0.813414 -0.568405 -0.123587 -868.226801 -0.144954 -0.007688 0.989408 -71.988505
-0.562194 0.823361 -0.077554 -482.240009 -0.814021 -0.567481 -0.123836 -870.409636 -0.145972 -0.006489 0.989267 -72.349957
-0.561527 0.823615 -0.079661 -483.719996 -0.814087 -0.567124 -0.125032 -872.570973 -0.148156 -0.005358 0.988949 -72.714780
-0.560707 0.823958 -0.081857 -486.670143 -0.813947 -0.566627 -0.128160 -876.902954 -0.151981 -0.005233 0.988370 -73.457719
-0.560503 0.824070 -0.082125 -488.149864 -0.813882 -0.566460 -0.129304 -879.075559 -0.153076 -0.005635 0.988198 -73.834358
-0.559245 0.824929 -0.082077 -489.640534 -0.814809 -0.565212 -0.128928 -881.273475 -0.152747 -0.005226 0.988252 -74.215796
-0.556860 0.826233 -0.085123 -492.575573 -0.816446 -0.563327 -0.126799 -885.598799 -0.152718 -0.001111 0.988269 -74.965776
-0.554607 0.827615 -0.086398 -494.043024 -0.817824 -0.561296 -0.126927 -887.766966 -0.153542 0.000264 0.988142 -75.339358
-0.553057 0.828527 -0.087589 -495.505611 -0.818585 -0.559949 -0.127970 -889.943587 -0.155072 0.000925 0.987903 -75.720595
-0.550137 0.830255 -0.089586 -498.384345 -0.819994 -0.557380 -0.130139 -894.256417 -0.157982 0.001865 0.987440 -76.477688
-0.547836 0.831936 -0.088081 -501.240622 -0.821436 -0.554871 -0.131760 -898.571089 -0.158489 0.000170 0.987361 -77.243783
-0.546773 0.832672 -0.087723 -502.676995 -0.822127 -0.553766 -0.132103 -900.758019 -0.158577 -0.000111 0.987347 -77.635056
-0.544203 0.834266 -0.088561 -505.527405 -0.823665 -0.551361 -0.132576 -905.109374 -0.159433 0.000796 0.987209 -78.411761
-0.543085 0.834967 -0.088820 -506.947173 -0.824389 -0.550299 -0.132490 -907.282285 -0.159502 0.001269 0.987197 -78.796596
-0.542310 0.835313 -0.090288 -508.345687 -0.824629 -0.549770 -0.133192 -909.426908 -0.160894 0.002222 0.986969 -79.185656
-0.539731 0.836854 -0.091470 -511.158283 -0.825832 -0.547421 -0.135395 -913.759012 -0.163378 0.002462 0.986561 -79.971556
-0.539507 0.837017 -0.091290 -512.546065 -0.825932 -0.547172 -0.135790 -915.910818 -0.163610 0.002139 0.986523 -80.366627
-0.538280 0.837929 -0.090163 -515.319768 -0.826737 -0.545778 -0.136500 -920.222040 -0.163586 0.001066 0.986528 -81.159356
-0.537309 0.838576 -0.089935 -516.713784 -0.827337 -0.544783 -0.136841 -922.381785 -0.163747 0.000881 0.986502 -81.555489
-0.537104 0.838669 -0.090296 -519.494142 -0.827754 -0.544637 -0.134887 -926.715578 -0.162304 0.002294 0.986738 -82.350104
-0.536204 0.839107 -0.091570 -520.881743 -0.828173 -0.543956 -0.135059 -928.881444 -0.163139 0.003416 0.986597 -82.746276
-0.535486 0.839295 -0.094015 -522.267600 -0.827946 -0.543661 -0.137614 -931.044138 -0.166612 0.004149 0.986014 -83.144826
-0.535723 0.839871 -0.087282 -524.996168 -0.828858 -0.542787 -0.135562 -935.325248 -0.161230 -0.000280 0.986917 -83.951016
-0.536232 0.839977 -0.083030 -526.369979 -0.829475 -0.542618 -0.132428 -937.481708 -0.156291 -0.002141 0.987709 -84.330985
-0.536142 0.839773 -0.085634 -527.753543 -0.828707 -0.542934 -0.135896 -939.650425 -0.160615 -0.001894 0.987015 -84.729009
-0.534863 0.840103 -0.090263 -529.136196 -0.828222 -0.542426 -0.140794 -941.814174 -0.167242 -0.000548 0.985916 -85.125538
-0.534478 0.840183 -0.091799 -530.501788 -0.827897 -0.542303 -0.143155 -943.956513 -0.170059 -0.000513 0.985434 -85.540407
-0.533266 0.840734 -0.093776 -533.247463 -0.828580 -0.541446 -0.142448 -948.261558 -0.170536 0.001738 0.985350 -86.368487
-0.532860 0.840873 -0.094832 -534.622605 -0.828544 -0.541228 -0.143484 -950.419671 -0.171977 0.002116 0.985099 -86.787695
-0.531916 0.841471 -0.094823 -535.990953 -0.828841 -0.540300 -0.145250 -952.578605 -0.173456 0.001332 0.984841 -87.210944
-0.530774 0.842300 -0.093857 -538.719336 -0.829769 -0.539008 -0.144759 -956.887067 -0.172520 0.001045 0.985006 -88.056647
-0.529619 0.842949 -0.094555 -540.081031 -0.830514 -0.537989 -0.144271 -959.047634 -0.172483 0.002121 0.985010 -88.479622
-0.527667 0.843926 -0.096727 -542.825035 -0.831432 -0.536444 -0.144733 -963.407603 -0.174033 0.004051 0.984732 -89.339779
-0.526695 0.844579 -0.096326 -544.172145 -0.832168 -0.535414 -0.144319 -965.554398 -0.173463 0.004147 0.984832 -89.758143
-0.526079 0.845005 -0.095956 -545.528435 -0.832525 -0.534746 -0.144740 -967.728463 -0.173618 0.003741 0.984806 -90.181167
-0.524970 0.845578 -0.096979 -546.874640 -0.832879 -0.533837 -0.146049 -969.886462 -0.175267 0.004101 0.984512 -90.609848
-0.524206 0.845972 -0.097670 -548.225201 -0.833113 -0.533209 -0.147007 -972.054351 -0.176442 0.004308 0.984302 -91.034850
-0.522225 0.846797 -0.101075 -550.919483 -0.832977 -0.531896 -0.152431 -976.390244 -0.182839 0.004589 0.983132 -91.914943
-0.521394 0.847226 -0.101763 -552.246336 -0.832896 -0.531218 -0.155215 -978.533135 -0.185561 0.003829 0.982625 -92.366983
-0.521286 0.847466 -0.100309 -553.590857 -0.832751 -0.530847 -0.157249 -980.718559 -0.186512 0.001561 0.982452 -92.821094
-0.521092 0.847595 -0.100231 -554.921420 -0.833339 -0.530637 -0.154825 -982.872471 -0.184415 0.002848 0.982844 -93.266387
-0.520816 0.847616 -0.101473 -556.249593 -0.833680 -0.530588 -0.153147 -985.015531 -0.183651 0.004834 0.982980 -93.711902
-0.520638 0.847608 -0.102451 -558.903154 -0.833772 -0.530589 -0.152641 -989.317026 -0.183739 0.005950 0.982957 -94.596157
-0.520998 0.847711 -0.099731 -560.248562 -0.833469 -0.530452 -0.154757 -991.503510 -0.184092 0.002494 0.982906 -95.049325
-0.521266 0.847761 -0.097890 -561.587739 -0.833532 -0.530377 -0.154676 -993.686184 -0.183047 0.000966 0.983104 -95.503057
-0.521284 0.847613 -0.099070 -562.932791 -0.833574 -0.530609 -0.153650 -995.862236 -0.182803 0.002487 0.983146 -95.954233
-0.521055 0.847411 -0.101958 -564.281483 -0.833422 -0.530913 -0.153424 -998.041496 -0.184144 0.005032 0.982886 -96.402224
-0.520229 0.847631 -0.104326 -566.980208 -0.834005 -0.530524 -0.151591 -1002.399398 -0.183841 0.008147 0.982922 -97.307127
-0.520457 0.847418 -0.104911 -568.338107 -0.833743 -0.530859 -0.151859 -1004.606134 -0.184381 0.008433 0.982819 -97.763879
-0.519608 0.847894 -0.105276 -569.688985 -0.834120 -0.530096 -0.152453 -1006.800451 -0.185070 0.008597 0.982688 -98.217780
-0.518731 0.848600 -0.103905 -572.379392 -0.834877 -0.528978 -0.152194 -1011.173530 -0.184115 0.007800 0.982874 -99.124583
-0.518086 0.848977 -0.104041 -575.056774 -0.835114 -0.528375 -0.152987 -1015.540541 -0.184855 0.007625 0.982736 -100.025098
-0.516971 0.849513 -0.105209 -576.402271 -0.835288 -0.527511 -0.155006 -1017.739972 -0.187179 0.007746 0.982295 -100.480312
-0.516375 0.849946 -0.104634 -579.058773 -0.835016 -0.526842 -0.158703 -1022.089166 -0.190015 0.005421 0.981766 -101.398951
-0.515514 0.850735 -0.102441 -580.384495 -0.835927 -0.525578 -0.158095 -1024.271182 -0.188338 0.004133 0.982096 -101.856959
-0.515425 0.850931 -0.101261 -581.700735 -0.836312 -0.525264 -0.157098 -1026.439011 -0.186868 0.003713 0.982378 -102.318223
-0.514508 0.851261 -0.103132 -584.350076 -0.836565 -0.524717 -0.157579 -1030.787518 -0.188256 0.005201 0.982106 -103.226049
-0.514728 0.851081 -0.103516 -585.677521 -0.836550 -0.525000 -0.156711 -1032.964947 -0.187720 0.005932 0.982205 -103.683164
-0.514067 0.851292 -0.105057 -586.996750 -0.836875 -0.524637 -0.156194 -1035.137586 -0.188084 0.007625 0.982123 -104.138266
-0.513560 0.851170 -0.108470 -589.630185 -0.837004 -0.524772 -0.155047 -1039.459563 -0.188894 0.011164 0.981934 -105.040756
-0.512469 0.851680 -0.109622 -590.937105 -0.837634 -0.523911 -0.154554 -1041.614903 -0.189063 0.012619 0.981884 -105.493620
-0.511557 0.852661 -0.106198 -593.537537 -0.837953 -0.522400 -0.157901 -1045.927360 -0.190114 0.008214 0.981728 -106.400598
-0.510678 0.853673 -0.102228 -594.841753 -0.838449 -0.520797 -0.160545 -1048.109836 -0.190293 0.003726 0.981720 -106.866238
-0.510168 0.854677 -0.096204 -597.417164 -0.839343 -0.519158 -0.161177 -1052.407641 -0.187699 -0.001479 0.982225 -107.776842
-0.508690 0.855478 -0.096911 -598.721604 -0.840309 -0.517839 -0.160385 -1054.586642 -0.187390 -0.000151 0.982286 -108.227618
-0.505756 0.856666 -0.101659 -601.302421 -0.841345 -0.515857 -0.161339 -1058.892952 -0.190655 0.003932 0.981649 -109.133468
-0.504473 0.857295 -0.102728 -602.587905 -0.841975 -0.514801 -0.161426 -1061.049716 -0.191274 0.005059 0.981524 -109.596038
-0.503313 0.858292 -0.100051 -605.133558 -0.843454 -0.513142 -0.158969 -1065.359674 -0.187782 0.004378 0.982201 -110.505047
-0.502420 0.858761 -0.100517 -606.405199 -0.844014 -0.512350 -0.158548 -1067.516319 -0.187655 0.005180 0.982221 -110.957625
-0.499988 0.859388 -0.107067 -608.949084 -0.844078 -0.511236 -0.161773 -1071.833408 -0.193763 0.009488 0.981002 -111.869436
-0.498621 0.860756 -0.102348 -611.469479 -0.844272 -0.509009 -0.167674 -1076.155354 -0.196422 0.002804 0.980515 -112.815701
-0.499077 0.861077 -0.097306 -613.963784 -0.844442 -0.508471 -0.168449 -1080.459743 -0.194524 -0.001900 0.980896 -113.754940
-0.498129 0.861618 -0.097375 -616.482708 -0.845443 -0.507557 -0.166169 -1084.785746 -0.192597 -0.000449 0.981278 -114.684205
-0.498656 0.861124 -0.099033 -617.730446 -0.845210 -0.508392 -0.164795 -1086.923119 -0.192257 0.001527 0.981344 -115.142245
-0.497396 0.861304 -0.103697 -620.251220 -0.845550 -0.508054 -0.164094 -1091.236081 -0.194018 0.006061 0.980979 -116.060633
-0.497524 0.861087 -0.104877 -621.488374 -0.844984 -0.508422 -0.165862 -1093.373808 -0.196143 0.006099 0.980556 -116.527664
-0.496127 0.861962 -0.104301 -623.994697 -0.846376 -0.506920 -0.163336 -1097.681532 -0.193662 0.007243 0.981042 -117.475726
-0.495726 0.862007 -0.105825 -625.240085 -0.847188 -0.506785 -0.159501 -1099.832537 -0.191122 0.010584 0.981509 -117.930766
-0.493009 0.863084 -0.109676 -627.722381 -0.848549 -0.504840 -0.158436 -1104.121511 -0.192113 0.014955 0.981259 -118.842958
-0.490617 0.864613 -0.108353 -630.208690 -0.849142 -0.502298 -0.163261 -1108.456403 -0.195582 0.011908 0.980615 -119.779043
-0.490009 0.864708 -0.110325 -631.432037 -0.848427 -0.502142 -0.167409 -1110.619733 -0.200159 0.011571 0.979695 -120.256014
-0.487792 0.865814 -0.111466 -633.902903 -0.849687 -0.500189 -0.166864 -1114.950436 -0.200227 0.013317 0.979659 -121.226801
-0.487719 0.866095 -0.109584 -635.125622 -0.850294 -0.499719 -0.165171 -1117.135034 -0.197815 0.012621 0.980158 -121.703218
-0.486000 0.867039 -0.109758 -637.579721 -0.851158 -0.498073 -0.165691 -1121.482461 -0.198329 0.012896 0.980051 -122.655761
-0.483308 0.868403 -0.110855 -640.028093 -0.852084 -0.495682 -0.168083 -1125.815309 -0.200912 0.013222 0.979520 -123.613542
-0.482767 0.868645 -0.111319 -641.235863 -0.852051 -0.495264 -0.169479 -1127.988169 -0.202349 0.013031 0.979227 -124.093777
-0.480455 0.870021 -0.110574 -643.645220 -0.853627 -0.492833 -0.168630 -1132.293730 -0.201206 0.013370 0.979458 -125.058084
-0.480184 0.870255 -0.109907 -644.850536 -0.853861 -0.492433 -0.168612 -1134.478662 -0.200857 0.012880 0.979536 -125.541789
-0.477659 0.871603 -0.110231 -647.261399 -0.855040 -0.490034 -0.169623 -1138.825036 -0.201861 0.013230 0.979325 -126.518477
-0.476154 0.872598 -0.108860 -649.669039 -0.856403 -0.488259 -0.167862 -1143.200152 -0.199628 0.013300 0.979782 -127.484532
-0.474384 0.873644 -0.108192 -652.071606 -0.857605 -0.486379 -0.167181 -1147.594829 -0.198679 0.013478 0.979972 -128.448678
-0.473170 0.874247 -0.108641 -654.469350 -0.858296 -0.485271 -0.166851 -1152.002486 -0.198589 0.014297 0.979978 -129.412088
-0.471131 0.875344 -0.108673 -656.858046 -0.859149 -0.483295 -0.168195 -1156.399793 -0.199749 0.014124 0.979745 -130.374476
-0.471173 0.875338 -0.108534 -658.049251 -0.858869 -0.483328 -0.169524 -1158.611316 -0.200848 0.013341 0.979532 -130.865811
-0.471403 0.875477 -0.106391 -660.434638 -0.858772 -0.483135 -0.170563 -1163.036519 -0.200725 0.010961 0.979586 -131.843340
-0.471078 0.875533 -0.107364 -662.832229 -0.858563 -0.483028 -0.171914 -1167.468361 -0.202376 0.011194 0.979244 -132.830218
-0.471342 0.875231 -0.108664 -665.233408 -0.858270 -0.483551 -0.171906 -1171.910938 -0.203002 0.012236 0.979102 -133.823595
-0.472610 0.874464 -0.109330 -667.650685 -0.857936 -0.484901 -0.169756 -1176.357963 -0.201460 0.013569 0.979403 -134.818212
-0.471815 0.874692 -0.110921 -670.063698 -0.857718 -0.484477 -0.172053 -1180.807768 -0.204233 0.013961 0.978823 -135.827131
-0.472644 0.874216 -0.111150 -671.277210 -0.857103 -0.485345 -0.172667 -1183.039769 -0.204895 0.013657 0.978689 -136.331500
-0.472363 0.874413 -0.110797 -673.701173 -0.858131 -0.484938 -0.168661 -1187.498317 -0.201209 0.015410 0.979427 -137.341872
-0.470969 0.875021 -0.111922 -674.921363 -0.858652 -0.483807 -0.169254 -1189.749680 -0.202249 0.016389 0.979197 -137.845108
-0.470033 0.875146 -0.114843 -677.353086 -0.857797 -0.483573 -0.174188 -1194.242789 -0.207975 0.016638 0.977993 -138.865686
-0.469054 0.875579 -0.115543 -678.579062 -0.857815 -0.482796 -0.176246 -1196.515589 -0.210100 0.016445 0.977541 -139.393455
-0.469343 0.875728 -0.113214 -680.997395 -0.857878 -0.482593 -0.176490 -1201.007383 -0.209194 0.014290 0.977770 -140.446952
-0.467803 0.876556 -0.113182 -683.449339 -0.858809 -0.481072 -0.176117 -1205.547450 -0.208825 0.014814 0.977841 -141.501028
-0.466351 0.877334 -0.113147 -685.893158 -0.859877 -0.479622 -0.174858 -1210.095502 -0.207676 0.015747 0.978071 -142.545790
-0.466533 0.877252 -0.113033 -687.100255 -0.860029 -0.479759 -0.173728 -1212.367211 -0.206631 0.016162 0.978285 -143.065790
-0.464098 0.878369 -0.114373 -689.548162 -0.860991 -0.477667 -0.174722 -1216.931935 -0.208102 0.017386 0.977953 -144.109885
-0.462558 0.879043 -0.115429 -691.979179 -0.861456 -0.476400 -0.175888 -1221.505936 -0.209604 0.018079 0.977619 -145.161010
-0.460020 0.880241 -0.116431 -695.615594 -0.862459 -0.474147 -0.177057 -1228.382555 -0.211058 0.018967 0.977289 -146.758334
-0.458118 0.881296 -0.115955 -698.018520 -0.863864 -0.472152 -0.175533 -1232.959946 -0.209445 0.019754 0.977621 -147.818631
-0.455378 0.882876 -0.114721 -700.424444 -0.865992 -0.469157 -0.173060 -1237.565809 -0.206613 0.020540 0.978207 -148.875954
-0.451718 0.884699 -0.115148 -702.835750 -0.867773 -0.465667 -0.173563 -1242.215822 -0.207172 0.021521 0.978068 -149.930399
-0.450277 0.885701 -0.113069 -705.220667 -0.868565 -0.463840 -0.174492 -1246.866776 -0.206994 0.019638 0.978145 -150.988927
-0.450206 0.886020 -0.110833 -707.591633 -0.869200 -0.463277 -0.172817 -1251.513830 -0.204466 0.018533 0.978698 -152.043520
-0.448034 0.886954 -0.112154 -709.985269 -0.870282 -0.461409 -0.172371 -1256.212489 -0.204634 0.020378 0.978626 -153.092318
-0.446714 0.887546 -0.112728 -712.370650 -0.870657 -0.460257 -0.173551 -1260.918268 -0.205918 0.020620 0.978352 -154.145628
-0.446250 0.887773 -0.112783 -714.753097 -0.870341 -0.459866 -0.176155 -1265.628203 -0.208251 0.019551 0.977880 -155.210975
-0.444774 0.888261 -0.114757 -717.148762 -0.870346 -0.458886 -0.178666 -1270.381106 -0.211363 0.020413 0.977195 -156.302042
-0.443071 0.889290 -0.113360 -719.551565 -0.871884 -0.456873 -0.176310 -1275.158552 -0.208582 0.020719 0.977785 -157.405758
-0.442946 0.890008 -0.108097 -721.932295 -0.874426 -0.455483 -0.167074 -1279.922970 -0.197933 0.020519 0.980001 -158.475256
-0.440304 0.891048 -0.110301 -725.511127 -0.875035 -0.453383 -0.169581 -1287.091439 -0.201113 0.021850 0.979324 -160.029270
-0.438981 0.891520 -0.111751 -727.896568 -0.874622 -0.452480 -0.174063 -1291.910616 -0.205746 0.021330 0.978373 -161.105793
-0.438416 0.891729 -0.112299 -729.088791 -0.874670 -0.452057 -0.174917 -1294.319474 -0.206744 0.021538 0.978158 -161.644318
-0.437127 0.892471 -0.111427 -732.649302 -0.875648 -0.450588 -0.173814 -1301.539368 -0.205331 0.021592 0.978454 -163.262615
-0.436260 0.892964 -0.110875 -735.017683 -0.876538 -0.449582 -0.171922 -1306.361452 -0.203367 0.022183 0.978851 -164.328997
-0.435949 0.892970 -0.112037 -737.379990 -0.876275 -0.449548 -0.173346 -1311.177091 -0.205159 0.022605 0.978468 -165.393181
-0.435212 0.893358 -0.111810 -739.748042 -0.876597 -0.448786 -0.173695 -1316.022521 -0.205350 0.022418 0.978432 -166.466245
-0.433462 0.894248 -0.111493 -742.106071 -0.877907 -0.446958 -0.171777 -1320.839882 -0.203444 0.023421 0.978806 -167.533533
-0.431758 0.895123 -0.111088 -745.609034 -0.878943 -0.445185 -0.171081 -1328.060546 -0.202593 0.023774 0.978974 -169.106396
-0.430522 0.895444 -0.113273 -747.952124 -0.879054 -0.444452 -0.172412 -1332.902243 -0.204730 0.025346 0.978490 -170.165942
-0.430329 0.895578 -0.112945 -750.282111 -0.879325 -0.444178 -0.171739 -1337.729558 -0.203973 0.025411 0.978647 -171.231169
-0.429685 0.896047 -0.111671 -752.609509 -0.879843 -0.443277 -0.171412 -1342.567253 -0.203095 0.024600 0.978850 -172.292602
-0.428294 0.897080 -0.108678 -754.932588 -0.881406 -0.441238 -0.168617 -1347.409407 -0.199216 0.023572 0.979672 -173.341356
-0.426896 0.897445 -0.111141 -757.245306 -0.881499 -0.440403 -0.170307 -1352.240012 -0.201787 0.025267 0.979103 -174.377483
-0.426771 0.897568 -0.110625 -759.546761 -0.881476 -0.440192 -0.170969 -1357.061570 -0.202153 0.024549 0.979046 -175.429032
-0.425217 0.898505 -0.108992 -761.855448 -0.882711 -0.438298 -0.169459 -1361.919728 -0.200031 0.024152 0.979492 -176.482344
-0.423966 0.899094 -0.109006 -764.153865 -0.883367 -0.437066 -0.169220 -1366.766732 -0.199787 0.024549 0.979532 -177.518727
-0.422107 0.899812 -0.110291 -767.586074 -0.883784 -0.435543 -0.170962 -1374.026064 -0.201870 0.025309 0.979085 -179.066962
-0.421069 0.900355 -0.109826 -769.861749 -0.884369 -0.434425 -0.170781 -1378.866288 -0.201475 0.025216 0.979169 -180.105013
-0.420975 0.900397 -0.109842 -772.124731 -0.884347 -0.434344 -0.171100 -1383.676968 -0.201768 0.025110 0.979111 -181.140283
-0.418952 0.901358 -0.109693 -774.386868 -0.885480 -0.432308 -0.170393 -1388.508063 -0.201006 0.025744 0.979252 -182.177087
-0.417117 0.902174 -0.109977 -776.641817 -0.886647 -0.430521 -0.168847 -1393.329195 -0.199677 0.027081 0.979488 -183.206763
-0.416411 0.902584 -0.109285 -778.871564 -0.887396 -0.429642 -0.167144 -1398.144436 -0.197815 0.027379 0.979857 -184.225774
-0.414709 0.903596 -0.107383 -781.094158 -0.888563 -0.427568 -0.166260 -1402.958862 -0.196145 0.026467 0.980218 -185.239823
-0.412532 0.904659 -0.106816 -784.419758 -0.889291 -0.425362 -0.168016 -1410.215752 -0.197433 0.025679 0.979980 -186.758893
-0.409649 0.905871 -0.107636 -786.625033 -0.890391 -0.422714 -0.168871 -1415.057397 -0.198475 0.026660 0.979743 -187.780604
-0.407689 0.906531 -0.109502 -789.890303 -0.891247 -0.421143 -0.168279 -1422.257892 -0.198666 0.028988 0.979638 -189.293572
-0.405348 0.907620 -0.109174 -792.062948 -0.892705 -0.418724 -0.166579 -1427.092216 -0.196904 0.029938 0.979966 -190.300228
-0.402926 0.908651 -0.109564 -795.270647 -0.894234 -0.416346 -0.164323 -1434.295516 -0.194929 0.031766 0.980303 -191.787898
-0.402224 0.909106 -0.108362 -798.467732 -0.894509 -0.415445 -0.165104 -1441.497524 -0.195116 0.030522 0.980305 -193.284428
-0.400667 0.910015 -0.106484 -800.599002 -0.895779 -0.413487 -0.163119 -1446.331726 -0.192470 0.030030 0.980843 -194.281117
-0.399383 0.910547 -0.106759 -802.715146 -0.896325 -0.412278 -0.163181 -1451.141342 -0.192598 0.030519 0.980803 -195.256374
-0.397581 0.911398 -0.106219 -805.878871 -0.896981 -0.410432 -0.164230 -1458.352195 -0.193274 0.029981 0.980687 -196.725829
-0.397009 0.911672 -0.106005 -807.974141 -0.897142 -0.409845 -0.164812 -1463.127889 -0.193700 0.029669 0.980612 -197.698984
-0.395817 0.912190 -0.106013 -810.059461 -0.897498 -0.408701 -0.165714 -1467.925462 -0.194491 0.029554 0.980459 -198.676635
-0.393370 0.913109 -0.107201 -812.135715 -0.898202 -0.406570 -0.167134 -1472.723735 -0.196196 0.030543 0.980089 -199.659280
-0.391277 0.913889 -0.108209 -815.214532 -0.898894 -0.404733 -0.167870 -1479.867852 -0.197211 0.031585 0.979852 -201.127151
-0.390208 0.914423 -0.107553 -817.248724 -0.899480 -0.403544 -0.167594 -1484.614454 -0.196655 0.031345 0.979972 -202.102620
-0.390034 0.914499 -0.107538 -819.273713 -0.899533 -0.403373 -0.167722 -1489.339632 -0.196760 0.031317 0.979951 -203.072331
-0.389153 0.914858 -0.107683 -821.282221 -0.899691 -0.402570 -0.168801 -1494.051655 -0.197779 0.031193 0.979750 -204.041396
-0.389287 0.914768 -0.107961 -824.280518 -0.898972 -0.402855 -0.171924 -1501.082861 -0.200763 0.030126 0.979176 -205.494117
-0.388153 0.915221 -0.108200 -826.262841 -0.899200 -0.401826 -0.173133 -1505.755339 -0.201933 0.030091 0.978937 -206.474585
-0.387801 0.915504 -0.107062 -828.231529 -0.899355 -0.401265 -0.173629 -1510.408574 -0.201918 0.028953 0.978974 -207.452330
-0.387203 0.915627 -0.108170 -830.200719 -0.899412 -0.400917 -0.174136 -1515.037018 -0.202811 0.029864 0.978762 -208.432874
-0.387268 0.915550 -0.108588 -832.145879 -0.899574 -0.401033 -0.173028 -1519.637521 -0.201963 0.030674 0.978913 -209.407414
-0.384402 0.916435 -0.111277 -834.101138 -0.900023 -0.398854 -0.175712 -1524.232118 -0.205412 0.032608 0.978132 -210.388971
-0.383506 0.916837 -0.111055 -836.032885 -0.900693 -0.397886 -0.174466 -1528.815005 -0.204144 0.033118 0.978380 -211.370003
-0.383571 0.916852 -0.110700 -837.948851 -0.900584 -0.397896 -0.175008 -1533.381521 -0.204504 0.032567 0.978324 -212.346994
-0.380442 0.918006 -0.111933 -840.805366 -0.900951 -0.395217 -0.179140 -1540.205865 -0.208690 0.032694 0.977435 -213.826425
-0.380655 0.918004 -0.111226 -842.688600 -0.901483 -0.395189 -0.176502 -1544.734012 -0.205985 0.033082 0.977996 -214.808712
-0.379155 0.918725 -0.110390 -843.635006 -0.902524 -0.393492 -0.174970 -1547.010421 -0.204187 0.033288 0.978366 -215.294826
-0.378489 0.918882 -0.111360 -845.503307 -0.901955 -0.393162 -0.178608 -1551.525798 -0.207902 0.032840 0.977598 -216.265075
-0.376131 0.919666 -0.112870 -847.370100 -0.901877 -0.391315 -0.183004 -1556.044784 -0.212471 0.032962 0.976611 -217.261193
-0.375222 0.920234 -0.111256 -849.208364 -0.902971 -0.389995 -0.180409 -1560.527351 -0.209408 0.032768 0.977279 -218.254614
-0.374823 0.920157 -0.113216 -851.034103 -0.902976 -0.390014 -0.180343 -1564.985840 -0.210099 0.034634 0.977066 -219.222926
-0.374277 0.920515 -0.112113 -852.846996 -0.902578 -0.389359 -0.183719 -1569.432535 -0.212768 0.032429 0.976564 -220.201176
-0.374351 0.920547 -0.111598 -854.663925 -0.902000 -0.389409 -0.186433 -1573.880098 -0.215078 0.030870 0.976109 -221.190218
-0.376113 0.919781 -0.111995 -856.468504 -0.901168 -0.391228 -0.186646 -1578.296811 -0.215489 0.030726 0.976023 -222.178102
-0.378680 0.918826 -0.111178 -858.280758 -0.900144 -0.393567 -0.186672 -1582.705171 -0.215275 0.029387 0.976111 -223.172192
-0.380143 0.918199 -0.111361 -860.089955 -0.899212 -0.395079 -0.187964 -1587.081261 -0.216585 0.028684 0.975842 -224.163885
-0.380322 0.918072 -0.111799 -861.904548 -0.899207 -0.395334 -0.187451 -1591.442991 -0.216291 0.029239 0.975891 -225.156354
-0.382234 0.917252 -0.112009 -862.817946 -0.898427 -0.397244 -0.187155 -1593.634427 -0.216163 0.029095 0.975924 -225.659235
-0.383178 0.916756 -0.112842 -864.639399 -0.897768 -0.398372 -0.187918 -1597.979988 -0.217228 0.029300 0.975681 -226.646479
-0.387062 0.915210 -0.112133 -866.456678 -0.895535 -0.402096 -0.190622 -1602.301771 -0.219547 0.026636 0.975238 -227.640409
-0.392957 0.912718 -0.111937 -868.292097 -0.892364 -0.407885 -0.193173 -1606.596069 -0.221970 0.023980 0.974759 -228.639157
-0.394340 0.912065 -0.112398 -869.214343 -0.891581 -0.409352 -0.193685 -1608.741480 -0.222664 0.023834 0.974604 -229.139241
-0.399394 0.909973 -0.111503 -871.075217 -0.889272 -0.414104 -0.194200 -1612.998903 -0.222891 0.021594 0.974604 -230.143419
-0.406245 0.907092 -0.110226 -872.950448 -0.886094 -0.420527 -0.194924 -1617.227917 -0.223167 0.018483 0.974605 -231.143154
-0.410392 0.904961 -0.112362 -874.849221 -0.883520 -0.425091 -0.196698 -1621.437416 -0.225768 0.018550 0.974004 -232.140389
-0.414239 0.903073 -0.113423 -876.767739 -0.881210 -0.429118 -0.198308 -1625.610772 -0.227759 0.017802 0.973555 -233.148439
-0.418001 0.901437 -0.112637 -878.695610 -0.879294 -0.432624 -0.199196 -1629.767981 -0.228292 0.015776 0.973465 -234.161913
-0.419608 0.900568 -0.113609 -879.662832 -0.878320 -0.434420 -0.199584 -1631.837628 -0.229093 0.016038 0.973272 -234.669632
-0.421309 0.899469 -0.115992 -881.606499 -0.877425 -0.436611 -0.198734 -1635.947020 -0.229398 0.018046 0.973165 -235.678068
-0.421919 0.899083 -0.116765 -882.579029 -0.877259 -0.437367 -0.197806 -1638.002902 -0.228913 0.018975 0.973262 -236.179197
-0.423537 0.898587 -0.114708 -884.510675 -0.877059 -0.438447 -0.196294 -1642.075705 -0.226680 0.017468 0.973813 -237.176167
-0.424202 0.898333 -0.114241 -885.474321 -0.876742 -0.438994 -0.196488 -1644.102550 -0.226663 0.016809 0.973828 -237.669451
-0.424889 0.898007 -0.114249 -887.398363 -0.876611 -0.439651 -0.195600 -1648.127177 -0.225880 0.017044 0.974006 -238.642106
-0.425872 0.897463 -0.114859 -888.355939 -0.875835 -0.440766 -0.196566 -1650.136626 -0.227037 0.016886 0.973740 -239.130275
-0.424570 0.898087 -0.114804 -890.266843 -0.876321 -0.439495 -0.197244 -1654.119864 -0.227598 0.016861 0.973609 -240.104111
-0.424584 0.898039 -0.115123 -891.212324 -0.876080 -0.439596 -0.198088 -1656.095621 -0.228499 0.016752 0.973400 -240.589029
-0.421307 0.899330 -0.117074 -893.104663 -0.876714 -0.436906 -0.201210 -1660.050688 -0.232105 0.017869 0.972527 -241.568955
-0.419848 0.899647 -0.119846 -894.044470 -0.876447 -0.436186 -0.203917 -1662.043402 -0.235728 0.019425 0.971625 -242.067828
-0.415631 0.901479 -0.120773 -895.889346 -0.877775 -0.432349 -0.206363 -1665.962936 -0.238248 0.020241 0.970993 -243.080654
-0.412190 0.903602 -0.116628 -897.722124 -0.881751 -0.427859 -0.198623 -1669.903686 -0.229377 0.020967 0.973112 -244.062936
-0.409926 0.904479 -0.117807 -898.625448 -0.883415 -0.425847 -0.195530 -1671.864381 -0.227021 0.023920 0.973596 -244.549896
-0.403033 0.906934 -0.122617 -900.399093 -0.885176 -0.420331 -0.199462 -1675.741995 -0.232439 0.028148 0.972204 -245.511643
-0.400407 0.908073 -0.122791 -901.291463 -0.885664 -0.417894 -0.202397 -1677.729967 -0.235105 0.027710 0.971575 -246.010971
-0.397455 0.909346 -0.122957 -902.157906 -0.886404 -0.415125 -0.204838 -1679.677071 -0.237311 0.027576 0.971042 -246.508270
-0.392101 0.911293 -0.125701 -904.723353 -0.888474 -0.410568 -0.205056 -1685.498334 -0.238475 0.031280 0.970645 -247.978674
-0.390882 0.912002 -0.124355 -905.571740 -0.888795 -0.409104 -0.206585 -1687.452765 -0.239280 0.029775 0.970494 -248.482276
-0.389972 0.912637 -0.122534 -906.398826 -0.889124 -0.407814 -0.207716 -1689.365354 -0.239541 0.027945 0.970484 -248.974944
-0.389352 0.913392 -0.118825 -908.049316 -0.889590 -0.406343 -0.208601 -1693.197118 -0.238818 0.024486 0.970756 -249.956006
-0.388720 0.913663 -0.118817 -908.861605 -0.889655 -0.405748 -0.209484 -1695.079588 -0.239607 0.024276 0.970566 -250.437186
-0.388257 0.913867 -0.118756 -909.682000 -0.889622 -0.405307 -0.210473 -1696.988455 -0.240477 0.023930 0.970360 -250.924230
-0.388030 0.913900 -0.119246 -911.348261 -0.889595 -0.405212 -0.210770 -1700.855345 -0.240942 0.024296 0.970235 -251.916239
-0.387978 0.913919 -0.119273 -912.168867 -0.889586 -0.405171 -0.210889 -1702.766851 -0.241062 0.024283 0.970206 -252.403808
-0.387517 0.914040 -0.119842 -913.788226 -0.889809 -0.404851 -0.210559 -1706.534594 -0.240978 0.025041 0.970207 -253.373935
-0.386709 0.914204 -0.121194 -914.608696 -0.889750 -0.404421 -0.211633 -1708.442449 -0.242489 0.025992 0.969806 -253.860074
-0.385628 0.914478 -0.122561 -915.418170 -0.889734 -0.403740 -0.212997 -1710.337149 -0.244264 0.026909 0.969335 -254.350579
-0.384009 0.915061 -0.123286 -917.017656 -0.890126 -0.402370 -0.213950 -1714.080165 -0.245384 0.027581 0.969034 -255.321905
-0.382622 0.915781 -0.122256 -917.817309 -0.890593 -0.400795 -0.214961 -1715.961210 -0.245857 0.026631 0.968940 -255.817270
-0.379915 0.916655 -0.124127 -919.392489 -0.891245 -0.398663 -0.216220 -1719.683081 -0.247684 0.028482 0.968422 -256.803575
-0.378086 0.917349 -0.124584 -920.189008 -0.892330 -0.396957 -0.214877 -1721.572946 -0.246571 0.029928 0.968662 -257.288604
-0.374830 0.918756 -0.124055 -921.743019 -0.894547 -0.393563 -0.211881 -1725.302541 -0.243491 0.031553 0.969390 -258.261768
-0.372538 0.919653 -0.124311 -922.531917 -0.894704 -0.391496 -0.215024 -1727.214944 -0.246415 0.031117 0.968665 -258.757710
-0.369051 0.921286 -0.122612 -924.078858 -0.895246 -0.387818 -0.219390 -1731.008556 -0.249672 0.028802 0.967902 -259.760069
-0.367443 0.921872 -0.123031 -924.850447 -0.895268 -0.386431 -0.221735 -1732.911616 -0.251955 0.028671 0.967314 -260.266858
-0.364607 0.923160 -0.121805 -926.374331 -0.896563 -0.383370 -0.221817 -1736.696446 -0.251469 0.028330 0.967451 -261.272238
-0.362855 0.923715 -0.122826 -927.875522 -0.896813 -0.381969 -0.223219 -1740.453756 -0.253107 0.029155 0.966999 -262.284188
-0.361542 0.924276 -0.122479 -928.634865 -0.897818 -0.380556 -0.221585 -1742.355837 -0.251416 0.029852 0.967419 -262.784332
-0.360646 0.924211 -0.125569 -930.118396 -0.897949 -0.380455 -0.221228 -1746.098522 -0.252235 0.032970 0.967104 -263.770371
-0.360169 0.924044 -0.128146 -930.862918 -0.898188 -0.380601 -0.220004 -1747.960965 -0.252066 0.035861 0.967045 -264.264195
-0.360178 0.923424 -0.132513 -932.326912 -0.897021 -0.381827 -0.222625 -1751.648661 -0.256174 0.038683 0.965856 -265.233061
-0.360582 0.923387 -0.131668 -933.044556 -0.896661 -0.382044 -0.223702 -1753.470288 -0.256866 0.037399 0.965723 -265.723054
-0.361833 0.923617 -0.126529 -934.463282 -0.896596 -0.381950 -0.224121 -1757.067539 -0.255329 0.032351 0.966313 -266.696676
-0.363051 0.923386 -0.124705 -935.177849 -0.896162 -0.382681 -0.224607 -1758.873584 -0.255121 0.030212 0.966437 -267.180772
-0.363721 0.923149 -0.124509 -936.617438 -0.895206 -0.383361 -0.227244 -1762.482197 -0.257512 0.028808 0.965845 -268.147522
-0.365009 0.922814 -0.123215 -938.035817 -0.893917 -0.384368 -0.230593 -1766.037598 -0.260155 0.025975 0.965218 -269.116507
-0.366235 0.922371 -0.122900 -938.743644 -0.892871 -0.385528 -0.232700 -1767.796812 -0.262016 0.024511 0.964752 -269.604187
-0.368260 0.921224 -0.125421 -940.157321 -0.891497 -0.388176 -0.233564 -1771.290265 -0.263850 0.025800 0.964219 -270.573935
-0.369766 0.919634 -0.132464 -941.573820 -0.889951 -0.391519 -0.233878 -1774.741591 -0.266944 0.031406 0.963200 -271.538369
-0.372321 0.917729 -0.138386 -942.976878 -0.889072 -0.395462 -0.230566 -1778.134642 -0.266323 0.037191 0.963166 -272.488266
-0.373959 0.916149 -0.144310 -944.363417 -0.888275 -0.398546 -0.228318 -1781.450570 -0.266687 0.042805 0.962832 -273.419963
-0.376030 0.914823 -0.147311 -945.047852 -0.887506 -0.401277 -0.226516 -1783.092707 -0.266335 0.045563 0.962803 -273.882102
-0.378837 0.912942 -0.151720 -946.417241 -0.886338 -0.405076 -0.224318 -1786.334821 -0.266248 0.049495 0.962633 -274.794399
-0.382960 0.910243 -0.157476 -947.777748 -0.884149 -0.410559 -0.222983 -1789.520141 -0.267622 0.053839 0.962019 -275.693982
-0.387399 0.907328 -0.163335 -949.129786 -0.881954 -0.416340 -0.220950 -1792.630257 -0.268477 0.058458 0.961511 -276.575253
-0.390722 0.905669 -0.164622 -949.801885 -0.880479 -0.419871 -0.220150 -1794.161008 -0.268502 0.058929 0.961475 -277.008072
-0.406898 0.897837 -0.168293 -951.811657 -0.872123 -0.436632 -0.220803 -1798.628879 -0.271727 0.056928 0.960689 -278.290262
-0.422385 0.890734 -0.167879 -953.166214 -0.864490 -0.451556 -0.220804 -1801.502762 -0.272485 0.051866 0.960761 -279.133243
-0.445082 0.879966 -0.166016 -954.552002 -0.853169 -0.473016 -0.219906 -1804.297545 -0.272038 0.043764 0.961291 -279.963871
-0.472797 0.864814 -0.168999 -955.994704 -0.837811 -0.500608 -0.217862 -1807.003547 -0.273012 0.038585 0.961236 -280.778087
-0.500652 0.847944 -0.174180 -957.520058 -0.820857 -0.528924 -0.215484 -1809.619085 -0.274846 0.035095 0.960848 -281.588012
-0.531147 0.828415 -0.177794 -959.117555 -0.800946 -0.559364 -0.213535 -1812.159530 -0.276347 0.028984 0.960621 -282.399761
-0.563759 0.806373 -0.178713 -960.795924 -0.778738 -0.591048 -0.210306 -1814.612151 -0.275214 0.020609 0.961162 -283.199604
-0.598125 0.780079 -0.183638 -962.568334 -0.751296 -0.625563 -0.210300 -1816.971931 -0.278928 0.012181 0.960235 -284.010949
-0.632767 0.752083 -0.184329 -964.433928 -0.722257 -0.659068 -0.209699 -1819.240325 -0.279196 0.000442 0.960234 -284.824351
-0.668678 0.720755 -0.182707 -966.389171 -0.690224 -0.693069 -0.207957 -1821.396447 -0.276514 -0.012948 0.960923 -285.624142
-0.704675 0.684897 -0.185333 -968.460075 -0.653178 -0.728204 -0.207552 -1823.452618 -0.277112 -0.025201 0.960507 -286.418100
-0.755949 0.626083 -0.191207 -971.757805 -0.592487 -0.778564 -0.206874 -1826.315329 -0.278388 -0.043099 0.959501 -287.618012
-0.789281 0.584303 -0.188746 -974.077933 -0.550900 -0.809606 -0.202601 -1828.065853 -0.271190 -0.055929 0.960900 -288.411485
-0.820064 0.540148 -0.189036 -976.479941 -0.506506 -0.838826 -0.199554 -1829.668306 -0.266357 -0.067899 0.961480 -289.177266
-0.848727 0.493143 -0.190976 -978.974119 -0.458711 -0.866208 -0.198160 -1831.136494 -0.263146 -0.080581 0.961385 -289.936860
-0.888824 0.417083 -0.189825 -982.871820 -0.382878 -0.903528 -0.192464 -1833.073601 -0.251785 -0.098387 0.962769 -291.031082
-0.910886 0.365215 -0.192106 -985.564316 -0.330046 -0.924213 -0.192095 -1834.172129 -0.247702 -0.111573 0.962390 -291.746278
-0.930637 0.312555 -0.190325 -988.313271 -0.277035 -0.941559 -0.191618 -1835.111187 -0.239093 -0.125601 0.962839 -292.437017
-0.953255 0.234111 -0.191042 -992.522893 -0.198539 -0.961880 -0.188065 -1836.224002 -0.227787 -0.141344 0.963398 -293.433158
-0.969368 0.154707 -0.190764 -996.823198 -0.119332 -0.975515 -0.184745 -1836.970634 -0.214675 -0.156321 0.964095 -294.367567
-0.979114 0.076286 -0.188457 -1001.195536 -0.041899 -0.982750 -0.180128 -1837.369528 -0.198947 -0.168469 0.965421 -295.245206
-0.982042 0.000790 -0.188662 -1005.607330 0.033167 -0.983695 -0.176760 -1837.434082 -0.185726 -0.179843 0.966003 -296.060125
-0.981429 -0.050276 -0.185120 -1008.568369 0.083340 -0.980960 -0.175421 -1837.294101 -0.172775 -0.187591 0.966932 -296.571333
-0.975222 -0.129098 -0.179655 -1013.004942 0.160948 -0.971181 -0.175794 -1836.787895 -0.151783 -0.200354 0.967895 -297.263657
-0.966081 -0.183140 -0.182065 -1015.964257 0.214967 -0.960996 -0.173997 -1836.248848 -0.143099 -0.207233 0.967769 -297.680911
-0.947728 -0.264652 -0.178243 -1020.355532 0.294891 -0.939829 -0.172514 -1835.135448 -0.121862 -0.216059 0.968746 -298.240161
-0.931034 -0.318677 -0.177823 -1023.240853 0.348061 -0.921885 -0.170242 -1834.182528 -0.109680 -0.220395 0.969225 -298.565925
-0.899795 -0.399415 -0.175603 -1027.475973 0.427288 -0.888099 -0.169424 -1832.453524 -0.088282 -0.227480 0.969773 -298.983271
-0.860824 -0.478163 -0.174190 -1031.542872 0.504504 -0.846741 -0.168834 -1830.368311 -0.066764 -0.233215 0.970130 -299.289419
-0.830258 -0.529633 -0.173664 -1034.160304 0.554843 -0.815028 -0.166968 -1828.770350 -0.053109 -0.234983 0.970547 -299.442695
-0.779493 -0.602647 -0.170899 -1037.886773 0.625674 -0.762270 -0.165764 -1826.106940 -0.030374 -0.236139 0.971244 -299.593529
-0.722726 -0.670238 -0.168667 -1041.349051 0.691077 -0.703956 -0.163885 -1823.149243 -0.008892 -0.235006 0.971953 -299.634296
-0.680456 -0.713723 -0.166071 -1043.530529 0.732752 -0.660451 -0.163946 -1820.991596 0.007331 -0.233247 0.972390 -299.609544
-0.615444 -0.771556 -0.161029 -1046.540127 0.787540 -0.593743 -0.165075 -1817.552929 0.031755 -0.228411 0.973047 -299.474196
-0.570163 -0.805620 -0.160908 -1048.393955 0.820383 -0.547984 -0.163355 -1815.107495 0.043427 -0.225146 0.973357 -299.334572
-0.501991 -0.850273 -0.158241 -1050.929384 0.862551 -0.478795 -0.163586 -1811.237398 0.063328 -0.218609 0.973755 -299.045312
-0.435965 -0.886921 -0.152664 -1053.171598 0.896289 -0.412578 -0.162622 -1807.132870 0.081247 -0.207729 0.974806 -298.666525
-0.392444 -0.907060 -0.152413 -1054.509728 0.915378 -0.368982 -0.161048 -1804.277905 0.089843 -0.202717 0.975107 -298.369600
-0.330028 -0.931785 -0.151186 -1056.278963 0.938124 -0.305951 -0.162226 -1799.876032 0.104904 -0.195370 0.975103 -297.870850
-0.293354 -0.944411 -0.148431 -1057.311715 0.949462 -0.269681 -0.160603 -1796.851017 0.111646 -0.188043 0.975794 -297.492225
-0.234607 -0.961898 -0.140399 -1059.069184 0.963819 -0.211371 -0.162405 -1790.654346 0.126541 -0.173421 0.976684 -296.671139
-0.210164 -0.967852 -0.138178 -1059.827350 0.968834 -0.187220 -0.162203 -1787.459973 0.131119 -0.167961 0.977035 -296.219530
-0.177169 -0.974374 -0.138585 -1060.839164 0.974654 -0.154161 -0.162123 -1782.608923 0.136604 -0.163796 0.976990 -295.508885
-0.156936 -0.978118 -0.136591 -1061.714676 0.978046 -0.134723 -0.158985 -1777.672412 0.137105 -0.158543 0.977787 -294.773882
-0.146870 -0.979627 -0.136970 -1062.256014 0.979557 -0.124800 -0.157775 -1774.334610 0.137467 -0.157343 0.977930 -294.275760
-0.134006 -0.981250 -0.138530 -1063.016250 0.981339 -0.111946 -0.156342 -1769.351944 0.137903 -0.156896 0.977940 -293.521706
-0.125840 -0.982368 -0.138265 -1063.720017 0.982136 -0.103712 -0.157012 -1764.334092 0.139904 -0.155553 0.977870 -292.756530
-0.121369 -0.982980 -0.137916 -1064.391056 0.982593 -0.099292 -0.157011 -1759.313098 0.140645 -0.154571 0.977920 -291.980777
-0.117372 -0.983484 -0.137779 -1065.038723 0.983349 -0.095715 -0.154478 -1754.253333 0.138739 -0.153617 0.978342 -291.205639
-0.114610 -0.983716 -0.138445 -1065.457547 0.983781 -0.093034 -0.153362 -1750.864098 0.137985 -0.153776 0.978424 -290.689057
-0.110483 -0.984141 -0.138783 -1066.075639 0.984231 -0.088931 -0.152907 -1745.798291 0.138140 -0.153489 0.978447 -289.913261
-0.106647 -0.984320 -0.140499 -1066.664520 0.984446 -0.084688 -0.153931 -1740.777938 0.139619 -0.154730 0.978042 -289.145866
-0.102391 -0.984795 -0.140337 -1067.228717 0.984168 -0.079771 -0.158273 -1735.827737 0.144671 -0.154321 0.977372 -288.370800
-0.091668 -0.985760 -0.140978 -1067.749250 0.985254 -0.069245 -0.156457 -1730.922059 0.144467 -0.153241 0.977572 -287.578651
-0.068065 -0.987372 -0.143055 -1068.182449 0.986566 -0.045268 -0.156964 -1726.101700 0.148506 -0.151817 0.977189 -286.795865
-0.016613 -0.989285 -0.145047 -1068.532146 0.987855 0.006175 -0.155255 -1719.837576 0.154487 -0.145865 0.977168 -285.741512
0.036898 -0.988740 -0.145024 -1068.539136 0.985444 0.060100 -0.159022 -1715.299143 0.165947 -0.137046 0.976565 -284.937957
0.101384 -0.984631 -0.142206 -1068.271148 0.979233 0.123994 -0.160403 -1710.890796 0.175570 -0.122990 0.976754 -284.104971
0.206483 -0.968636 -0.138235 -1067.438999 0.959472 0.228138 -0.165428 -1705.196380 0.191776 -0.098475 0.976486 -282.951971
0.291871 -0.947539 -0.130313 -1066.384043 0.934774 0.311441 -0.170886 -1701.062171 0.202506 -0.071937 0.976635 -282.031054
0.416541 -0.900330 -0.126095 -1064.404949 0.884778 0.433351 -0.171391 -1695.784922 0.208952 -0.040174 0.977100 -280.772287
0.539741 -0.832670 -0.123855 -1061.714753 0.813281 0.553752 -0.178697 -1690.895013 0.217381 -0.004279 0.976077 -279.469661
0.627198 -0.769125 -0.122756 -1059.241110 0.748142 0.638759 -0.179642 -1687.502267 0.216578 0.020832 0.976043 -278.476219
0.729233 -0.672850 -0.124469 -1055.447600 0.648248 0.737561 -0.189152 -1683.503593 0.219074 0.057249 0.974027 -277.165158
0.796273 -0.591982 -0.124525 -1052.231370 0.564976 0.801322 -0.196687 -1680.911517 0.216219 0.086263 0.972527 -276.185772
0.866440 -0.482902 -0.126833 -1047.525695 0.452996 0.867149 -0.206996 -1677.993216 0.209942 0.121894 0.970086 -274.899348
0.906088 -0.403158 -0.128332 -1043.759097 0.371366 0.903175 -0.215317 -1676.216764 0.202713 0.147438 0.968075 -273.984633
0.939898 -0.316260 -0.128730 -1039.824208 0.284625 0.933920 -0.216292 -1674.778796 0.188627 0.166652 0.967805 -273.092881
0.970964 -0.185743 -0.150757 -1034.396929 0.151694 0.965342 -0.212375 -1673.451699 0.184980 0.183339 0.965489 -271.979790
0.986387 -0.089357 -0.138044 -1030.162447 0.057629 0.974080 -0.218740 -1672.964449 0.154011 0.207806 0.965969 -271.199642
0.988493 0.011160 -0.150856 -1025.867552 -0.044408 0.974742 -0.218874 -1672.892408 0.144603 0.223054 0.964021 -270.509734
0.984815 0.077232 -0.155484 -1023.021463 -0.110094 0.970312 -0.215347 -1673.084242 0.134236 0.229195 0.964080 -270.074894
0.971979 0.176188 -0.155608 -1018.731050 -0.206629 0.956005 -0.208228 -1673.725905 0.112075 0.234546 0.965623 -269.474747
0.952178 0.262891 -0.155711 -1014.465272 -0.291584 0.934108 -0.205964 -1674.784789 0.091305 0.241517 0.966092 -268.983528
0.929835 0.334345 -0.153692 -1010.230933 -0.361141 0.909288 -0.206815 -1676.219306 0.070603 0.247808 0.966233 -268.580253
0.908268 0.387109 -0.158733 -1006.027361 -0.414160 0.885674 -0.209889 -1677.977022 0.059336 0.256376 0.964754 -268.251394
0.884121 0.440244 -0.156573 -1000.467199 -0.465463 0.859149 -0.212621 -1680.686438 0.040914 0.260862 0.964509 -267.912474
0.870751 0.466522 -0.155403 -994.906112 -0.490753 0.844350 -0.215022 -1683.716729 0.030902 0.263496 0.964166 -267.643117
0.868232 0.472790 -0.150477 -990.678405 -0.495561 0.841229 -0.216226 -1686.092625 0.024357 0.262305 0.964678 -267.471698
