idx1	idx2	t_1	t_2	t_3	q_1	q_2	q_3	q_4
7.0000000000	10.0000000000	4.8504956529	0.2355435958	0.0637788247	-0.0027296762	-0.0164727464	0.0306182192	0.9993916760
7.0000000000	15.0000000000	13.5380738824	1.1767318616	0.6435451518	-0.0149993107	-0.0368053467	0.0637170923	0.9971762729
8.0000000000	12.0000000000	7.1445038881	0.3885466212	0.1912559453	-0.0098396981	-0.0325497531	0.0332962939	0.9988668834
8.0000000000	15.0000000000	12.4212256714	0.9260349333	0.5782689721	-0.0144246236	-0.0341922465	0.0548208177	0.9978063432
9.0000000000	12.0000000000	5.3411656091	0.2071258189	0.1393223393	-0.0097262548	-0.0285268703	0.0207659310	0.9993299724
9.0000000000	15.0000000000	10.6325935068	0.6115033572	0.4853384257	-0.0142475996	-0.0301241814	0.0423192243	0.9985482576
10.0000000000	13.0000000000	4.8971626411	0.1709613675	0.1118327261	-0.0118859060	-0.0227419145	0.0168712125	0.9995283351
10.0000000000	17.0000000000	12.0102008918	0.7380879853	0.4092488127	-0.0145835387	-0.0120910420	0.0518343411	0.9984760028
11.0000000000	15.0000000000	7.4094824123	0.3128553625	0.1681855360	-0.0091585367	-0.0114456578	0.0289885396	0.9994722521
11.0000000000	17.0000000000	10.6806951890	0.6171930289	0.2264668241	-0.0112028478	-0.0035173565	0.0475750001	0.9987986503
12.0000000000	16.0000000000	6.9501066393	0.2842110174	0.0543861034	-0.0047262415	0.0034771460	0.0312924937	0.9994930475
12.0000000000	26.0000000000	26.2826036576	3.3093341537	-0.4294073506	0.0034639921	0.0192546006	0.0943542956	0.9953464362
13.0000000000	16.0000000000	5.4924842470	0.1884696142	0.0052477663	-0.0007598736	0.0076511161	0.0261107961	0.9996294860
13.0000000000	24.0000000000	20.7867403410	2.2827399900	-0.4498925280	0.0046275969	0.0222150503	0.0868492351	0.9959629949
14.0000000000	16.0000000000	3.1966806773	0.0839060483	-0.0007525954	0.0000176477	0.0074619541	0.0170102651	0.9998274700
14.0000000000	26.0000000000	22.6034902693	2.5592155468	-0.6168080174	0.0086700720	0.0228152597	0.0801626298	0.9964829384
15.0000000000	18.0000000000	4.9618070778	0.2094758715	-0.0337066540	-0.0016998482	0.0084007022	0.0283246396	0.9995620308
15.0000000000	27.0000000000	23.1885114940	2.5488054059	-0.6095810736	0.0092544010	0.0232160665	0.0761423705	0.9967836825
16.0000000000	22.0000000000	11.4760505382	0.7956672748	-0.1184721092	0.0041411527	0.0143728340	0.0545205586	0.9984006116
16.0000000000	28.0000000000	24.7400945810	2.5674632822	-0.4708562510	0.0132599201	0.0200388939	0.0775747154	0.9966969353
17.0000000000	23.0000000000	11.7712237425	0.7713230877	-0.1048899710	0.0063096045	0.0114858865	0.0499583561	0.9986653223
17.0000000000	29.0000000000	25.2336513043	2.4267440474	-0.3955735163	0.0154422831	0.0154977682	0.0799888755	0.9965556356
18.0000000000	24.0000000000	12.0982199060	0.7302745535	-0.1386692982	0.0064812428	0.0110251558	0.0422482452	0.9990252876
18.0000000000	29.0000000000	23.5954032045	1.9396515697	-0.3730613775	0.0157011049	0.0147544927	0.0703947560	0.9972864977
19.0000000000	24.0000000000	10.3726853702	0.5121943603	-0.1059163775	0.0059611643	0.0092553375	0.0328228898	0.9994005509
19.0000000000	29.0000000000	21.8913942068	1.5041060859	-0.3016339929	0.0151679755	0.0129160145	0.0609984355	0.9979390262
20.0000000000	25.0000000000	10.6436505556	0.4384081252	-0.0436548607	0.0059344606	0.0060173324	0.0250879953	0.9996495218
20.0000000000	29.0000000000	20.1335419540	1.1291161754	-0.1230183634	0.0139028341	0.0084309148	0.0525139420	0.9984878150
21.0000000000	27.0000000000	13.0349377675	0.4417470102	-0.0126473581	0.0074815872	0.0052511517	0.0219139622	0.9997180750
21.0000000000	30.0000000000	20.4482977285	1.0345308890	-0.0410162362	0.0109828885	0.0100705151	0.0543305073	0.9984118173
22.0000000000	28.0000000000	13.3827684721	0.3153084638	0.0225634825	0.0090888039	0.0052797964	0.0232177713	0.9996751735
22.0000000000	31.0000000000	19.7537180591	0.8707559138	0.0081620980	0.0081553074	0.0051472859	0.0511796893	0.9986428970
23.0000000000	28.0000000000	11.4445066054	0.1874771633	0.0085470716	0.0079698642	0.0054745801	0.0187496015	0.9997774566
23.0000000000	30.0000000000	15.6972050754	0.4749787389	0.0039230280	0.0079933289	0.0083496938	0.0401107791	0.9991283775
24.0000000000	29.0000000000	11.5606343738	0.2328229162	0.0107141629	0.0090693735	0.0035377764	0.0282700157	0.9995529185
24.0000000000	31.0000000000	15.8186335141	0.6009400627	-0.0049743895	0.0071225192	0.0051544177	0.0448116671	0.9989567639
25.0000000000	29.0000000000	9.5128775948	0.2135073706	0.0296547312	0.0078679879	0.0023825797	0.0274791004	0.9995885739
25.0000000000	32.0000000000	16.9452627293	0.9087571988	0.0442342233	0.0055626260	0.0014943189	0.0518098638	0.9986403568
26.0000000000	30.0000000000	9.5634683400	0.3335860569	0.0102009648	0.0049240782	0.0075736007	0.0357415417	0.9993202371
26.0000000000	32.0000000000	14.8630729495	0.8495986985	0.0153844773	0.0036154437	0.0021160006	0.0501548926	0.9987326659
27.0000000000	30.0000000000	7.4321332128	0.2674767640	0.0431729534	0.0034454702	0.0049906633	0.0324183488	0.9994559884
27.0000000000	33.0000000000	14.8759129715	0.9794302498	0.0890111266	0.0025022865	0.0037603793	0.0525563974	0.9986077424
28.0000000000	32.0000000000	9.5723164478	0.4917214813	0.0887133693	-0.0014852804	-0.0023168410	0.0357864978	0.9993556688
28.0000000000	34.0000000000	13.8494984495	0.8818483120	0.1192938586	-0.0013791846	0.0008206627	0.0468169660	0.9989021954
29.0000000000	32.0000000000	7.4592336446	0.2863217208	0.0423530953	-0.0023793335	-0.0006308517	0.0243483052	0.9997005056
29.0000000000	35.0000000000	13.8859181532	0.7601077804	0.0679447182	-0.0013661242	0.0009209903	0.0417116669	0.9991283313
30.0000000000	33.0000000000	7.4734788979	0.2286609760	0.1170828363	-0.0010801310	-0.0011254231	0.0201541323	0.9997956680
30.0000000000	36.0000000000	13.9093685354	0.6491407117	0.2027639426	-0.0000929107	-0.0031062329	0.0394049452	0.9992184911
31.0000000000	34.0000000000	7.4828944470	0.2041700622	0.0768194599	-0.0002893156	0.0006599880	0.0188569276	0.9998219326
31.0000000000	37.0000000000	15.0215831938	0.7399852228	0.1512446026	0.0023603258	-0.0017033776	0.0451832119	0.9989744765
32.0000000000	35.0000000000	6.4421547982	0.1602541816	0.0189781726	0.0010602824	0.0014850252	0.0173751468	0.9998473757
32.0000000000	38.0000000000	14.0193099808	0.6968756601	0.0660014538	0.0041252128	-0.0005109227	0.0464134014	0.9989136688
33.0000000000	36.0000000000	6.4477810149	0.1605992582	0.0718053612	0.0009681432	-0.0020217460	0.0192552666	0.9998120873
33.0000000000	39.0000000000	14.0707570900	0.7393721949	0.1872304263	0.0042682896	-0.0041027295	0.0503997269	0.9987115784
34.0000000000	37.0000000000	7.5534305859	0.2511282494	0.0846149434	0.0025869827	-0.0024199666	0.0263386390	0.9996468013
34.0000000000	40.0000000000	15.2383019672	0.9531393304	0.1996134529	0.0060987671	-0.0039515349	0.0585710750	0.9982567904
35.0000000000	38.0000000000	7.5910520460	0.2731462148	0.0686950251	0.0029876490	-0.0020167227	0.0290567185	0.9995712650
35.0000000000	42.0000000000	17.5670231070	1.3447660241	0.1867448331	0.0049094426	-0.0024654994	0.0672228978	0.9977228577
36.0000000000	39.0000000000	7.6400184472	0.2850141261	0.0837230835	0.0033234904	-0.0021162081	0.0311551412	0.9995067950
36.0000000000	43.0000000000	18.8274914552	1.5496217650	0.2455737819	0.0046388657	-0.0062015827	0.0702282321	0.9975008856
37.0000000000	41.0000000000	9.9437287261	0.4856601292	0.0936233952	0.0034055612	-0.0012474001	0.0403007125	0.9991810140
37.0000000000	43.0000000000	15.6106393580	1.0880083396	0.1644208663	0.0034706367	-0.0047249424	0.0578406082	0.9983086164
38.0000000000	42.0000000000	10.0217821602	0.4908798234	0.0730269258	0.0019904305	-0.0003941219	0.0382009896	0.9992680157
38.0000000000	44.0000000000	15.7554445688	1.0720299318	0.1385863619	0.0031813331	-0.0023698726	0.0550445070	0.9984760213
39.0000000000	43.0000000000	11.2451084111	0.5662739993	0.1082679521	0.0012767918	-0.0039987264	0.0391271006	0.9992254250
39.0000000000	45.0000000000	15.8904989336	1.0240903211	0.1720222303	0.0029918459	-0.0031858800	0.0519899476	0.9986380447
40.0000000000	44.0000000000	10.2581561440	0.4330509603	0.0876092459	0.0007017250	-0.0020123426	0.0318733181	0.9994896446
40.0000000000	45.0000000000	12.5899954870	0.6130336818	0.1155478288	0.0015978342	-0.0022810019	0.0384898929	0.9992551086
41.0000000000	44.0000000000	8.0236551390	0.2592324664	0.0822133520	0.0007981037	-0.0023504797	0.0238244614	0.9997130755
41.0000000000	46.0000000000	13.8826065966	0.6713064460	0.1563678822	0.0043062695	-0.0028464019	0.0380843979	0.9992611934
42.0000000000	45.0000000000	8.0975472496	0.2518318998	0.0874193560	0.0020149712	-0.0022716568	0.0234840867	0.9997195993
42.0000000000	47.0000000000	14.0002838476	0.6285740485	0.1588343467	0.0083646518	-0.0047995552	0.0368767419	0.9992732873
43.0000000000	46.0000000000	8.1993836477	0.2389100757	0.0463214893	0.0044359989	0.0004926156	0.0205039683	0.9997798090
43.0000000000	48.0000000000	12.9589856464	0.4924394779	0.0904552690	0.0133900593	-0.0019415348	0.0347921407	0.9993029789
44.0000000000	47.0000000000	8.2509846355	0.2086622555	0.0657038487	0.0072338024	-0.0029133849	0.0200075208	0.9997694151
44.0000000000	49.0000000000	14.2170097933	0.6032699375	0.1479451990	0.0144060478	-0.0010283584	0.0446359166	0.9988989154
45.0000000000	47.0000000000	5.9141828022	0.0993857911	0.0436050687	0.0063198585	-0.0026503314	0.0133900513	0.9998868644
45.0000000000	50.0000000000	14.2925647263	0.6440539661	0.1474130019	0.0139487335	-0.0027809468	0.0494919748	0.9986732417
46.0000000000	49.0000000000	8.3549489538	0.2332013518	0.0898197772	0.0108898953	-0.0005077111	0.0303834627	0.9994788630
46.0000000000	51.0000000000	14.3979931241	0.8051177206	0.1595909460	0.0135553592	-0.0019200757	0.0585374802	0.9981913288
47.0000000000	49.0000000000	5.9774221690	0.1565050567	0.0434502113	0.0072863549	0.0019167196	0.0246056001	0.9996688450
47.0000000000	51.0000000000	12.0269042924	0.6592085240	0.0805304099	0.0100152666	0.0005894386	0.0527651390	0.9985565518
48.0000000000	50.0000000000	6.0081252118	0.1958537630	0.0299117691	0.0024966716	0.0002910833	0.0275547295	0.9996171361
48.0000000000	53.0000000000	15.7523838770	1.2509608961	0.0981346637	0.0043660612	-0.0010173377	0.0720587427	0.9973903148
49.0000000000	52.0000000000	8.5142462399	0.3936780157	0.0798643281	0.0029581246	-0.0018552484	0.0395964437	0.9992096523
49.0000000000	55.0000000000	18.4489789190	1.6871054071	0.1946410691	0.0053982974	-0.0028516031	0.0769238072	0.9970182820
50.0000000000	54.0000000000	12.2895317544	0.7940603275	0.0879701859	0.0023306393	0.0009676094	0.0538115651	0.9985479194
50.0000000000	56.0000000000	18.5707304506	1.6366048851	0.1491013305	0.0071385914	-0.0034639383	0.0713514871	0.9974196744
51.0000000000	54.0000000000	8.6571849027	0.4305674040	0.0730487407	0.0000035289	0.0004107332	0.0371454627	0.9993097847
51.0000000000	57.0000000000	16.2195622191	1.2077033745	0.1619359423	0.0057857721	-0.0038364506	0.0576711158	0.9983114989
52.0000000000	55.0000000000	10.0062986822	0.5037655831	0.0724356007	0.0024745160	-0.0009858422	0.0373830574	0.9992974592
52.0000000000	58.0000000000	17.5169897388	1.2269840811	0.1750626900	0.0094771919	0.0013494656	0.0511360289	0.9986458173
53.0000000000	56.0000000000	8.8481495069	0.3334967085	0.0544381980	0.0052456661	-0.0024038575	0.0268406945	0.9996230697
53.0000000000	59.0000000000	17.5664084454	0.9727125787	0.1353175599	0.0132122340	0.0047371637	0.0383497568	0.9991657982
54.0000000000	57.0000000000	7.5991274226	0.2135652991	0.0951146334	0.0056120590	-0.0044585582	0.0205509676	0.9997631138
54.0000000000	59.0000000000	15.0634275975	0.6406275912	0.1897065138	0.0125554095	0.0024331077	0.0291160982	0.9994942193
55.0000000000	58.0000000000	7.5439360313	0.1605004654	0.0855878534	0.0071002348	0.0021052727	0.0137549856	0.9998779700
55.0000000000	60.0000000000	13.7170833874	0.4068871292	0.1175979114	0.0121057345	0.0051226320	0.0197771499	0.9997179973
56.0000000000	59.0000000000	8.7402904296	0.1710470483	0.0346457971	0.0081852943	0.0069837792	0.0114603860	0.9998764360
56.0000000000	62.0000000000	17.1296762803	0.4725148620	0.0150833258	0.0152888840	0.0088793968	0.0162496695	0.9997116357
57.0000000000	60.0000000000	9.9251686078	0.1746475773	0.0252471353	0.0092737867	0.0074134768	0.0108352522	0.9998708089
57.0000000000	62.0000000000	15.8671259981	0.3724527819	0.0077125502	0.0142315153	0.0086740304	0.0132879495	0.9997728020
58.0000000000	60.0000000000	6.1774113036	0.0771072169	0.0557147127	0.0050348528	0.0029912335	0.0060127439	0.9999647742
58.0000000000	64.0000000000	17.7681465348	0.3331796372	0.1337291211	0.0062725097	0.0023282913	-0.0001557858	0.9999776050
59.0000000000	63.0000000000	10.6884235062	0.1500211438	0.1215952933	0.0055593509	0.0010835353	0.0040283307	0.9999758458
59.0000000000	66.0000000000	19.5327334581	0.0645596924	0.2182867203	0.0002384141	0.0001776655	-0.0266288817	0.9996453442
60.0000000000	63.0000000000	8.2394453590	0.0991262979	0.0980998038	0.0034191429	0.0004612477	0.0016828362	0.9999926324
60.0000000000	66.0000000000	17.0831262925	-0.0274011250	0.2061696460	-0.0018842512	-0.0004975310	-0.0289747897	0.9995782429
61.0000000000	64.0000000000	7.9880960729	0.0505913990	0.1374783640	-0.0026449887	-0.0027547192	-0.0081232302	0.9999597135
61.0000000000	67.0000000000	15.6332908648	-0.2571133597	0.2636215278	-0.0084814661	-0.0047802663	-0.0434009969	0.9990102939
62.0000000000	66.0000000000	11.1376638234	-0.1505704579	0.1666822536	-0.0068011952	-0.0018660104	-0.0314516285	0.9994803934
62.0000000000	67.0000000000	13.2928677679	-0.2941778235	0.2055258587	-0.0095601732	-0.0040252588	-0.0439051613	0.9989818503
63.0000000000	66.0000000000	8.8431039165	-0.1555235958	0.1171954507	-0.0052894040	-0.0010544851	-0.0306558680	0.9995154466
63.0000000000	69.0000000000	16.3275341655	-0.9225821308	0.2384751950	-0.0119722138	-0.0015770627	-0.0785380467	0.9968379779
64.0000000000	67.0000000000	7.6497681497	-0.1840065758	0.0827052208	-0.0059194826	-0.0019821918	-0.0352733417	0.9993582051
64.0000000000	70.0000000000	15.0674624150	-1.0466710225	0.1871272925	-0.0094120216	-0.0015080511	-0.0837991620	0.9964370728
65.0000000000	68.0000000000	7.5937631256	-0.2418694654	0.1014996465	-0.0070198450	-0.0017363524	-0.0424257295	0.9990734529
65.0000000000	71.0000000000	14.9132002785	-1.2012774466	0.2204787225	-0.0085659132	-0.0012948661	-0.0897932449	0.9959227488
66.0000000000	70.0000000000	9.6094177077	-0.5323348802	0.1321199459	-0.0062203365	-0.0016133373	-0.0610509241	0.9981139660
66.0000000000	72.0000000000	14.6567026143	-1.3031855480	0.2116659207	-0.0090324319	0.0007458225	-0.0926634876	0.9956562343
67.0000000000	70.0000000000	7.4604308338	-0.3385445367	0.0677999809	-0.0036204927	0.0006321021	-0.0485879820	0.9988121447
67.0000000000	74.0000000000	16.3968504568	-1.7054466302	0.1536598674	-0.0086337600	0.0044876690	-0.1038304550	0.9945474125
68.0000000000	71.0000000000	7.3748439931	-0.3368440588	0.0843328322	-0.0016677372	0.0007025374	-0.0474515277	0.9988719025
68.0000000000	74.0000000000	14.2738078267	-1.2782804282	0.1514572510	-0.0057664601	0.0037196983	-0.0895827302	0.9959557451
69.0000000000	72.0000000000	7.2017088958	-0.3082299264	0.0962806305	-0.0024027826	0.0014101006	-0.0448169655	0.9989913302
69.0000000000	75.0000000000	13.9268715081	-1.1854371747	0.1675528566	-0.0060151387	0.0038049506	-0.0842090899	0.9964226862
70.0000000000	73.0000000000	7.0829413023	-0.2933697659	0.0768851548	-0.0046212049	0.0020137289	-0.0439119974	0.9990226854
70.0000000000	76.0000000000	13.6994787894	-1.1326201013	0.1188704466	-0.0079670313	0.0071933166	-0.0807123515	0.9966796371
71.0000000000	74.0000000000	6.9570490322	-0.2834433707	0.0748228050	-0.0042125327	0.0028915801	-0.0422198971	0.9990952776
71.0000000000	77.0000000000	14.3417473391	-1.1949725204	0.1180250376	-0.0094635972	0.0077590047	-0.0838428130	0.9964038443
72.0000000000	75.0000000000	6.7764921884	-0.2718754562	0.0875676154	-0.0036666704	0.0023288117	-0.0394668573	0.9992114388
72.0000000000	78.0000000000	13.9660736046	-1.1262720280	0.1127799203	-0.0104357728	0.0099003910	-0.0863628036	0.9961598983
73.0000000000	76.0000000000	6.6644649128	-0.2559727678	0.0636895663	-0.0035067206	0.0052023824	-0.0368500766	0.9993011108
73.0000000000	78.0000000000	12.0056830778	-0.8157568537	0.0723529583	-0.0090303621	0.0102801410	-0.0741421045	0.9971538094
74.0000000000	77.0000000000	7.4349369691	-0.2858011069	0.0810468069	-0.0053427939	0.0048244335	-0.0416935631	0.9991045121
74.0000000000	78.0000000000	10.0669339349	-0.5559310743	0.0878453732	-0.0084022200	0.0084020075	-0.0627116563	0.9979609497
75.0000000000	78.0000000000	7.2343966983	-0.2849730292	0.0546462747	-0.0069645665	0.0074775022	-0.0469674010	0.9988441545
75.0000000000	80.0000000000	11.4457546833	-0.8545775080	0.0528087722	-0.0094421961	0.0085053964	-0.0865372522	0.9961675598
76.0000000000	78.0000000000	5.3675858565	-0.1651350676	0.0618707059	-0.0055204185	0.0050126029	-0.0373560278	0.9992741996
76.0000000000	80.0000000000	9.5890926696	-0.6535747786	0.0793501247	-0.0079139737	0.0060786513	-0.0769543145	0.9969846802
77.0000000000	79.0000000000	4.3472175638	-0.1490077930	0.0466677058	-0.0043070661	0.0024563559	-0.0362250572	0.9993313568
77.0000000000	81.0000000000	8.5525349392	-0.6487141611	0.0645974454	-0.0054065123	0.0072146567	-0.0767722946	0.9970078902
78.0000000000	80.0000000000	4.2458333498	-0.1723127271	0.0563026291	-0.0022457885	0.0012059435	-0.0396611869	0.9992099341
79.0000000000	81.0000000000	4.2303398054	-0.1941500165	0.0356759341	-0.0011814838	0.0048956510	-0.0405865099	0.9991633360
91.0000000000	97.0000000000	22.4895867820	-4.6601292862	-0.1039591789	-0.0094532343	0.0012603108	-0.1931062516	0.9811315017
105.0000000000	107.0000000000	10.7005553583	-0.6740074643	0.1633280353	-0.0029567686	-0.0032594239	-0.0721572602	0.9973835589
105.0000000000	108.0000000000	16.6561354527	-1.6823731774	0.2792422711	-0.0110492533	-0.0021610379	-0.1145128409	0.9933579683
106.0000000000	108.0000000000	10.6492232709	-0.6082373631	0.1062533199	-0.0119618128	0.0021832147	-0.0738968527	0.9971917588
106.0000000000	109.0000000000	14.9544366038	-1.3433152702	0.1561895118	-0.0153955643	0.0060539878	-0.1077537953	0.9940399617
107.0000000000	108.0000000000	6.0393615654	-0.1411338945	0.0733086767	-0.0083005191	0.0006237140	-0.0425056087	0.9990615525
107.0000000000	112.0000000000	22.3977673932	-3.6652373241	0.2022421210	-0.0150275872	0.0066056666	-0.1778528257	0.9839201742
108.0000000000	111.0000000000	14.0083700807	-1.4743967535	0.1004878781	-0.0052877748	0.0084792181	-0.1146811877	0.9933520864
108.0000000000	114.0000000000	22.6934465281	-4.0878310551	0.2054807021	-0.0188610082	-0.0000276010	-0.1840574580	0.9827345083
109.0000000000	112.0000000000	12.3410656259	-1.1958199215	0.1305383331	-0.0030583972	0.0030993973	-0.1021014310	0.9947644634
109.0000000000	115.0000000000	22.0863935231	-3.9143550745	0.3598128186	-0.0179034928	-0.0020513627	-0.1783733468	0.9837978481
110.0000000000	113.0000000000	10.6039800080	-0.8701608178	0.2047076934	-0.0068485178	-0.0087388033	-0.0845373870	0.9963584502
110.0000000000	116.0000000000	19.0585225626	-2.8154823432	0.4660846726	-0.0176905683	-0.0070305297	-0.1505011534	0.9884265366
111.0000000000	114.0000000000	9.0494120117	-0.5678440668	0.2394399258	-0.0119752939	-0.0095499977	-0.0702927816	0.9974088002
111.0000000000	119.0000000000	22.9628747136	-3.9467973387	0.7036040251	-0.0200644866	-0.0032257228	-0.1652704989	0.9860388802
112.0000000000	116.0000000000	12.4931569787	-1.0882786821	0.3488434729	-0.0169392114	-0.0074663815	-0.0956584293	0.9952420716
112.0000000000	119.0000000000	20.4433738886	-3.0370911808	0.5812140754	-0.0189305159	-0.0017428742	-0.1441745057	0.9893696528
113.0000000000	117.0000000000	12.2106108162	-1.0322894818	0.1446738581	-0.0135235797	0.0040763870	-0.0919199716	0.9956662165
113.0000000000	121.0000000000	22.0136182795	-3.2600667099	0.2217649149	-0.0172797903	0.0029649478	-0.1280918209	0.9916073333
114.0000000000	118.0000000000	12.0203074297	-0.9990714121	0.1248339822	-0.0086393764	0.0073562978	-0.0858602358	0.9962425739
114.0000000000	121.0000000000	19.5975806691	-2.4771036000	0.1850638237	-0.0125665470	0.0026665664	-0.1086191791	0.9940004252
115.0000000000	119.0000000000	10.5922499343	-0.7404073134	0.1231588808	-0.0057670245	0.0051323504	-0.0673975739	0.9976963303
115.0000000000	122.0000000000	18.0925953019	-1.8556328656	0.1923662180	-0.0072305935	0.0075264455	-0.0824756638	0.9965384268
116.0000000000	120.0000000000	10.3805950111	-0.6113286642	0.0665973342	-0.0045239017	0.0031461310	-0.0550679336	0.9984674050
116.0000000000	122.0000000000	15.7155012926	-1.2384901907	0.1187805106	-0.0045185075	0.0086933581	-0.0638235639	0.9979131031
117.0000000000	120.0000000000	6.8137922375	-0.1974887494	0.0552521612	-0.0023090641	0.0000787409	-0.0294161758	0.9995645805
117.0000000000	124.0000000000	17.3039217166	-0.9005819059	0.1715737055	-0.0051888616	0.0014808250	-0.0338216919	0.9994133159
118.0000000000	121.0000000000	7.7169846888	-0.1618105200	0.1589404796	-0.0033616878	-0.0047961800	-0.0229353687	0.9997197930
118.0000000000	124.0000000000	14.9866252906	-0.4680470976	0.2631068814	-0.0050478477	-0.0023920060	-0.0203438356	0.9997774382
119.0000000000	122.0000000000	7.5811978059	-0.0976300198	0.1397775007	-0.0015508345	0.0023828473	-0.0151151040	0.9998817183
119.0000000000	126.0000000000	16.7393655280	-0.2145421078	0.2658998024	-0.0049777242	-0.0018312549	0.0000039392	0.9999859343
120.0000000000	123.0000000000	8.4701412962	-0.0782936771	0.0984627500	-0.0014963852	0.0023454328	-0.0071600419	0.9999704964
120.0000000000	125.0000000000	12.5280630925	-0.0682017208	0.1318034630	-0.0045435307	0.0001980849	-0.0000900134	0.9999896544
121.0000000000	124.0000000000	7.2767104109	0.0270169874	0.0334437716	-0.0017282121	0.0023563899	0.0026082967	0.9999923287
121.0000000000	126.0000000000	11.2930559613	0.1307886781	0.0595652717	-0.0024238475	0.0023361623	0.0133906704	0.9999046741
122.0000000000	124.0000000000	5.1415590202	0.0417194074	0.0906344353	-0.0026316252	-0.0042777614	0.0043267664	0.9999780270
122.0000000000	127.0000000000	12.1196117046	0.2940343076	0.2354781254	-0.0011415558	-0.0041450531	0.0255525767	0.9996642342
123.0000000000	126.0000000000	6.0590136764	0.1268889025	0.0806970178	-0.0021546996	-0.0010562336	0.0135300884	0.9999055847
123.0000000000	129.0000000000	12.9462883322	0.5276831409	0.1696686073	0.0003575770	0.0011151099	0.0377270645	0.9992873947
124.0000000000	127.0000000000	6.9809616025	0.1913070146	0.0862932944	0.0015805898	0.0000690616	0.0212206785	0.9997735642
124.0000000000	130.0000000000	13.8016405733	0.7018083355	0.1495742607	0.0021905463	-0.0005443535	0.0450097434	0.9989839980
125.0000000000	128.0000000000	6.9378336245	0.2131852699	0.0638401712	0.0029166568	0.0025553900	0.0236112940	0.9997136940
125.0000000000	131.0000000000	13.7175509102	0.7572614277	0.1209247060	0.0029015041	0.0002381733	0.0476935617	0.9988577720
126.0000000000	129.0000000000	6.8957668951	0.2139356991	0.0757388006	0.0025656408	0.0020843555	0.0242050827	0.9997015489
126.0000000000	133.0000000000	15.5374887177	0.9756066793	0.1614673124	0.0030004335	0.0009668224	0.0545782725	0.9985045192
127.0000000000	131.0000000000	8.7663531770	0.3481649065	0.0841451706	-0.0003766213	-0.0008316876	0.0307982484	0.9995252045
127.0000000000	136.0000000000	19.1705316226	1.4938899875	0.1927243975	0.0019519715	-0.0006960557	0.0704225144	0.9975151000
128.0000000000	131.0000000000	6.7974781493	0.2238350128	0.0895473329	-0.0001289004	-0.0022437721	0.0241022997	0.9997069711
128.0000000000	138.0000000000	21.0289624581	1.7668170863	0.2839256141	0.0040765599	-0.0033498855	0.0691341121	0.9975934214
129.0000000000	133.0000000000	8.6680429803	0.3430904921	0.1189826211	0.0003473767	-0.0010472985	0.0303968774	0.9995372991
129.0000000000	141.0000000000	25.8889732399	2.4386598216	0.3814490994	0.0077591399	-0.0033881787	0.0769563712	0.9969985120
130.0000000000	137.0000000000	14.2878309135	0.8889517352	0.1318241872	0.0014370885	-0.0016774078	0.0491852951	0.9987872285
130.0000000000	141.0000000000	23.0275955424	1.9231776038	0.2194092870	0.0076710759	-0.0008249773	0.0669195867	0.9977285417
131.0000000000	138.0000000000	14.2900291443	0.8552998733	0.1306730480	0.0042783359	-0.0012177031	0.0450599782	0.9989743798
131.0000000000	142.0000000000	23.0833068531	1.8534242707	0.2142001155	0.0101352720	-0.0000358722	0.0667292563	0.9977196406
132.0000000000	138.0000000000	12.3838174734	0.6635739986	0.1658630459	0.0037007798	-0.0032945192	0.0384910154	0.9992466623
132.0000000000	142.0000000000	21.1890556962	1.5459276939	0.2849617887	0.0095210537	-0.0021383558	0.0601796071	0.9981398659
133.0000000000	138.0000000000	10.4720437361	0.4912570557	0.1380214214	0.0030329154	-0.0030008350	0.0317202100	0.9994876811
133.0000000000	143.0000000000	21.2582132096	1.4882641861	0.2800021389	0.0111953919	-0.0019904506	0.0624192947	0.9979852368
134.0000000000	139.0000000000	10.5591879739	0.3984797760	0.0847303831	0.0011441531	-0.0005228504	0.0248044893	0.9996915298
134.0000000000	143.0000000000	18.4422978231	0.9874770842	0.1479629139	0.0084220036	0.0004858457	0.0501553908	0.9987057978
135.0000000000	140.0000000000	10.6499468988	0.2791019042	0.0759796041	0.0039230904	0.0020401935	0.0195962383	0.9997981968
135.0000000000	144.0000000000	18.5489706646	0.8455343018	0.1467634406	0.0120547976	0.0000546120	0.0522787563	0.9985597681
136.0000000000	140.0000000000	8.7507374375	0.1616280539	0.0795631924	0.0051585063	0.0010079634	0.0144642019	0.9998815733
136.0000000000	144.0000000000	16.6550057921	0.6466436867	0.1672638771	0.0132460737	-0.0010588288	0.0471581771	0.9987990422
137.0000000000	141.0000000000	8.7993369917	0.1707195192	0.0563960231	0.0062996164	0.0005685012	0.0177531768	0.9998223924
137.0000000000	146.0000000000	20.6161170594	1.3427474272	0.1563146104	0.0120084633	0.0000442623	0.0782306041	0.9968629632
138.0000000000	143.0000000000	10.8283542018	0.3116889386	0.0731148067	0.0082870234	0.0008395525	0.0307034515	0.9994938311
138.0000000000	147.0000000000	20.6347852915	1.5496497868	0.1638392673	0.0100656306	0.0011496158	0.0844811879	0.9963735697
139.0000000000	144.0000000000	9.8860898699	0.3258026914	0.0736205847	0.0104675876	0.0002937730	0.0364072741	0.9992821692
139.0000000000	147.0000000000	17.7217879368	1.3307404895	0.1418681174	0.0090999752	0.0012094133	0.0791558187	0.9968199858
140.0000000000	144.0000000000	7.9148174155	0.2571455057	0.0998211499	0.0080293360	-0.0020137863	0.0327245732	0.9994301260
140.0000000000	147.0000000000	15.7573579772	1.2043344894	0.2004122611	0.0065702131	-0.0009866115	0.0754763354	0.9971254594
141.0000000000	145.0000000000	9.8867266153	0.5110921761	0.0832474382	0.0065810103	-0.0004130540	0.0494266875	0.9987559873
141.0000000000	148.0000000000	15.7531753886	1.3277210851	0.1358788468	0.0055775231	0.0022339511	0.0783410743	0.9969085097
142.0000000000	147.0000000000	11.8342635972	0.8354554551	0.1178202998	0.0040884626	0.0004282289	0.0628503480	0.9980144963
142.0000000000	149.0000000000	15.7159837218	1.4272097508	0.1552106555	0.0039472246	0.0008802625	0.0799315388	0.9967921517
143.0000000000	147.0000000000	9.8638132959	0.6352204192	0.0917156580	0.0017679391	0.0007035747	0.0538452269	0.9985474806
143.0000000000	150.0000000000	16.6307061518	1.6332428444	0.1454657511	0.0019020638	0.0013377359	0.0843684699	0.9964319113
144.0000000000	147.0000000000	7.8880618199	0.4333886494	0.0578050547	-0.0013200787	0.0014129625	0.0427975054	0.9990818958
144.0000000000	150.0000000000	14.6754276761	1.2818257711	0.0981674039	-0.0011552004	0.0021399576	0.0733400601	0.9973040267
145.0000000000	148.0000000000	5.9184849079	0.2340295545	0.0408332342	-0.0008473035	0.0028828261	0.0289527298	0.9995762656
145.0000000000	151.0000000000	12.6835954493	0.8932453020	0.0807068243	-0.0001227292	0.0049015243	0.0600177077	0.9981852708
146.0000000000	149.0000000000	5.8945904863	0.2019750088	0.0425509888	-0.0000427876	0.0018413847	0.0262448620	0.9996538474
146.0000000000	152.0000000000	12.6162906915	0.8365601880	0.0679834448	0.0002667478	0.0062716081	0.0583822182	0.9982745676
147.0000000000	150.0000000000	6.8349062617	0.2647692512	0.0610979547	0.0001503394	0.0006814669	0.0305917934	0.9995317179
147.0000000000	153.0000000000	12.5303648775	0.8350857242	0.0859583642	0.0000346848	0.0059231388	0.0582687400	0.9982833612
148.0000000000	150.0000000000	4.8656925564	0.1465769807	0.0543051752	0.0001156148	-0.0005860505	0.0218753171	0.9997605282
148.0000000000	154.0000000000	13.3674515310	0.9605403178	0.0969667985	0.0002600665	0.0048206223	0.0634641025	0.9979724453
149.0000000000	152.0000000000	6.7455977616	0.2810146518	0.0502787863	0.0003664664	0.0044217290	0.0321631890	0.9994727827
149.0000000000	155.0000000000	13.2995021190	0.9817980781	0.0550736503	0.0009413099	0.0055786166	0.0646698029	0.9978906802
150.0000000000	154.0000000000	8.5292648839	0.4413241744	0.0325325917	0.0002872748	0.0054059777	0.0416172285	0.9991189615
150.0000000000	158.0000000000	16.9732008789	1.5264684733	-0.0205195313	0.0005299500	0.0144687433	0.0690621575	0.9975072897
151.0000000000	154.0000000000	6.6061779560	0.2840291947	0.0425750697	-0.0004060394	0.0028835603	0.0323976064	0.9994708176
151.0000000000	158.0000000000	15.0688552847	1.2131930909	0.0313252049	-0.0001487011	0.0119652784	0.0598509799	0.9981355971
152.0000000000	155.0000000000	6.5851035085	0.2779912066	0.0625614504	0.0004685928	0.0011566979	0.0325424912	0.9994695737
152.0000000000	160.0000000000	16.9732587090	1.3467392748	0.0342100501	0.0006188016	0.0090534664	0.0541770897	0.9984901075
153.0000000000	157.0000000000	8.4705463598	0.4258329596	0.0710404741	0.0006080046	0.0049768652	0.0369331008	0.9993051622
153.0000000000	162.0000000000	19.9227492984	1.5134029673	-0.0107119053	0.0032592359	0.0142884880	0.0484287423	0.9987191164
154.0000000000	158.0000000000	8.5050083104	0.3791521996	0.0382301336	0.0004717279	0.0090612762	0.0274865350	0.9995809928
154.0000000000	163.0000000000	19.0834900027	1.1259178051	-0.0741662580	0.0023553766	0.0148021116	0.0352745159	0.9992652592
155.0000000000	159.0000000000	8.5229557966	0.2992788723	0.0111968475	0.0000471785	0.0078527326	0.0197491204	0.9997741268
155.0000000000	164.0000000000	19.1838924561	0.8749416722	-0.1368816079	0.0022648790	0.0172957369	0.0262895641	0.9995021694
156.0000000000	160.0000000000	8.5547413701	0.2210116251	0.0128380832	-0.0001510648	0.0055632283	0.0136233485	0.9998917102
156.0000000000	165.0000000000	19.2856269607	0.6475682737	-0.1142721754	0.0023245759	0.0170436008	0.0190675883	0.9996702152
157.0000000000	162.0000000000	11.5014892367	0.2391957195	0.0317582736	0.0029364438	0.0092171401	0.0115168235	0.9998868858
157.0000000000	166.0000000000	19.3623150323	0.5004315238	-0.0767736106	0.0028645143	0.0163351371	0.0150056852	0.9997498623
158.0000000000	162.0000000000	8.6535624539	0.1175268923	0.0826941651	0.0028602069	0.0049633147	0.0070556164	0.9999587006
158.0000000000	166.0000000000	16.5170500409	0.3084147513	0.0408299273	0.0028053280	0.0120823188	0.0105442305	0.9998674747
159.0000000000	163.0000000000	8.7027809433	0.1132991374	0.0319385243	0.0021310870	0.0068831110	0.0059302952	0.9999564555
159.0000000000	166.0000000000	14.6163843482	0.2352626104	-0.0205150828	0.0029814251	0.0132701718	0.0086668208	0.9998699415
160.0000000000	164.0000000000	8.7619205759	0.1049553374	0.0061696642	0.0020487418	0.0093571313	0.0046531634	0.9999432958
160.0000000000	166.0000000000	12.7022237135	0.1710106430	-0.0335612660	0.0026851296	0.0132272569	0.0067575731	0.9998860760
161.0000000000	164.0000000000	6.8332063877	0.0728467974	0.0199633343	-0.0000841647	0.0068029699	0.0029376989	0.9999725408
161.0000000000	168.0000000000	14.6955479599	0.2094339570	-0.0449556111	0.0013968617	0.0139416234	0.0102039544	0.9998497683
162.0000000000	165.0000000000	5.9021053044	0.0558355527	0.0376064860	-0.0001033741	0.0053447143	0.0021773338	0.9999833411
162.0000000000	169.0000000000	13.7447296067	0.1997924423	-0.0008330798	0.0024593420	0.0134985068	0.0129403818	0.9998221284
163.0000000000	166.0000000000	5.9147961209	0.0517634517	0.0285949573	0.0008695270	0.0063881646	0.0027291598	0.9999754932
163.0000000000	170.0000000000	13.7558416583	0.2414907040	-0.0143168661	0.0045765875	0.0136520710	0.0197332518	0.9997015928
164.0000000000	167.0000000000	5.9098072898	0.0524716124	0.0430910375	0.0013078396	0.0059697852	0.0043673139	0.9999717885
164.0000000000	170.0000000000	11.7821988156	0.2092491443	0.0302888956	0.0043036645	0.0111379792	0.0191144320	0.9997459989
165.0000000000	168.0000000000	5.8857066751	0.0701872980	0.0433924505	0.0008882419	0.0050493799	0.0064662094	0.9999659509
165.0000000000	171.0000000000	11.7336630999	0.2856489925	0.0311808161	0.0036794383	0.0088806569	0.0254231357	0.9996305617
166.0000000000	169.0000000000	5.8799176968	0.0791166275	0.0475827244	0.0024355223	0.0063610134	0.0094899406	0.9999317711
166.0000000000	173.0000000000	13.6576326021	0.5326718441	0.0268143469	0.0057477590	0.0101576668	0.0420130664	0.9990488914
167.0000000000	170.0000000000	5.8732709281	0.1055370482	0.0569734144	0.0029305701	0.0051755988	0.0147588119	0.9998733932
167.0000000000	175.0000000000	15.6056564828	0.8999823722	0.0377995898	0.0072469120	0.0095842237	0.0635164209	0.9979084573
168.0000000000	172.0000000000	7.7937577748	0.2471492971	0.0506977735	0.0034032741	0.0068823760	0.0271647307	0.9996014846
168.0000000000	176.0000000000	16.6150346898	1.2464528204	0.0277045405	0.0070602554	0.0109179362	0.0787170212	0.9968122100
169.0000000000	173.0000000000	7.7845704499	0.3059966119	0.0763774939	0.0031433138	0.0038497916	0.0325411048	0.9994580407
169.0000000000	176.0000000000	14.6671489390	1.1056897760	0.0928043349	0.0052361910	0.0079337692	0.0744162630	0.9971819580
170.0000000000	173.0000000000	5.8253576476	0.1876261665	0.0524029567	0.0019992312	0.0029468151	0.0250050250	0.9996809832
170.0000000000	176.0000000000	12.7191679064	0.8835224673	0.0797538955	0.0040870298	0.0070648810	0.0668933516	0.9977267477
171.0000000000	175.0000000000	7.8260926211	0.3633711834	0.0578272298	0.0042789681	0.0046109833	0.0416797723	0.9991112180
171.0000000000	177.0000000000	12.8045678255	0.9778236966	0.0423686930	0.0057890890	0.0121194352	0.0716683871	0.9973380811
172.0000000000	175.0000000000	5.8840969273	0.2335134209	0.0747462944	0.0034799377	0.0015477517	0.0335029924	0.9994313603
172.0000000000	178.0000000000	12.8914660403	1.0588684256	0.0776757172	0.0086004488	0.0104616411	0.0761008719	0.9970081462
173.0000000000	176.0000000000	6.9197110554	0.3505693498	0.0659758277	0.0020705765	0.0041540519	0.0419217553	0.9991101156
173.0000000000	179.0000000000	12.9875205225	1.1278955540	0.0285396989	0.0097955870	0.0120869844	0.0803734800	0.9966433941
174.0000000000	176.0000000000	4.9689499119	0.1972818837	0.0409435398	0.0006958255	0.0042548153	0.0300873712	0.9995379745
174.0000000000	179.0000000000	11.0534551222	0.8306517916	0.0006926173	0.0085202381	0.0121505008	0.0685537272	0.9975370456
175.0000000000	178.0000000000	7.0468795466	0.3543108672	0.0205876005	0.0053587382	0.0088892597	0.0426317421	0.9990369360
175.0000000000	181.0000000000	12.1792913352	1.0160808787	-0.0245452135	0.0090762610	0.0135471059	0.0775691343	0.9968536135
176.0000000000	179.0000000000	6.1117077146	0.2662289941	0.0110410454	0.0078960847	0.0076918946	0.0385365804	0.9991963864
176.0000000000	184.0000000000	15.4993045504	1.6698408745	-0.0640200586	0.0063801542	0.0123328970	0.0953797431	0.9953441103
177.0000000000	179.0000000000	4.0910775304	0.1301960883	0.0393933039	0.0060520104	0.0027701666	0.0266719664	0.9996220814
177.0000000000	185.0000000000	15.6271473624	1.7108120062	0.0495372766	0.0015711335	0.0077414232	0.0926765527	0.9956649328
178.0000000000	181.0000000000	5.1701555569	0.2221103964	0.0417969987	0.0036136452	0.0047015143	0.0350049012	0.9993695484
178.0000000000	185.0000000000	13.6249579283	1.3324057480	0.0481261859	-0.0020397864	0.0068325893	0.0800422721	0.9967659653
179.0000000000	182.0000000000	5.2179362938	0.2228623960	0.0430305547	0.0019480176	0.0047327105	0.0353359738	0.9993623845
179.0000000000	187.0000000000	15.9327382912	1.6799538733	0.0366457047	-0.0128856311	0.0094421204	0.0820486842	0.9965002862
180.0000000000	185.0000000000	10.5798396208	0.7989341445	0.0752581822	-0.0049263504	0.0040599257	0.0588893589	0.9982441042
180.0000000000	188.0000000000	18.1900207454	2.0101370106	0.0525576733	-0.0172639066	0.0034043358	0.0802983834	0.9966155415
181.0000000000	185.0000000000	8.5113758037	0.5163340385	0.0802649889	-0.0057775928	0.0025026190	0.0450658447	0.9989641765
181.0000000000	189.0000000000	18.3615432831	1.8386400334	0.0933179293	-0.0202367036	-0.0002256115	0.0679274008	0.9974849839
182.0000000000	187.0000000000	10.7905552156	0.6968576353	0.0912651700	-0.0148732859	0.0053351134	0.0467046842	0.9987837576
182.0000000000	190.0000000000	18.5496867335	1.5840200873	0.1430497241	-0.0204184566	-0.0001394261	0.0542865559	0.9983166016
183.0000000000	188.0000000000	11.9841157286	0.7317335172	0.0892283365	-0.0175912917	0.0003064038	0.0401216390	0.9990398924
183.0000000000	190.0000000000	16.4567237543	1.1398203941	0.1412259019	-0.0190401237	-0.0006113066	0.0422894968	0.9989237701
184.0000000000	188.0000000000	9.8472496736	0.4918087349	0.0657659962	-0.0152258295	0.0003877908	0.0305651807	0.9994167266
184.0000000000	191.0000000000	16.5805760198	0.9735479836	0.1546982574	-0.0159925131	-0.0010040955	0.0334496471	0.9993119395
185.0000000000	189.0000000000	9.9289829062	0.4295274857	0.0727287079	-0.0146328472	-0.0022021808	0.0228525739	0.9996293263
185.0000000000	192.0000000000	16.7221722939	0.7945811682	0.1837525746	-0.0122832680	-0.0023024734	0.0261685164	0.9995794259
186.0000000000	189.0000000000	7.7473956727	0.2443017707	0.1042607737	-0.0108867933	-0.0051185817	0.0142070314	0.9998267040
186.0000000000	193.0000000000	16.8335437475	0.5886198275	0.3081974694	-0.0067219490	-0.0043663078	0.0212817391	0.9997413857
187.0000000000	190.0000000000	7.8068454470	0.1562607998	0.1504660367	-0.0058415133	-0.0053191751	0.0074834777	0.9999407886
187.0000000000	193.0000000000	14.6388175987	0.3185188582	0.3285845973	-0.0024151848	-0.0058849220	0.0138287479	0.9998841434
188.0000000000	192.0000000000	9.0349673123	0.0963739041	0.1434716544	0.0001161170	-0.0023377955	0.0047271395	0.9999860876
188.0000000000	195.0000000000	14.7382973693	0.2502367945	0.2451328746	0.0038998822	-0.0013235712	0.0216171614	0.9997578394
189.0000000000	193.0000000000	9.0938457495	0.0825101427	0.1155140906	0.0042100930	0.0006155154	0.0070615649	0.9999660147
189.0000000000	196.0000000000	14.7802826238	0.3303329601	0.1943529107	0.0058938611	0.0007019669	0.0326909712	0.9994478826
190.0000000000	193.0000000000	6.8351413037	0.0583119514	0.1067062748	0.0034553100	-0.0006287239	0.0063237876	0.9999738373
190.0000000000	198.0000000000	17.0057261552	0.7434143704	0.2697468930	0.0047111217	0.0012196465	0.0581386135	0.9982966590
191.0000000000	196.0000000000	10.2629543956	0.2729489282	0.1526026965	0.0044490910	0.0000111606	0.0312443781	0.9995018731
191.0000000000	200.0000000000	19.1797201868	1.3987308036	0.2811673069	0.0006192568	0.0008398413	0.0846338474	0.9964115731
192.0000000000	195.0000000000	5.7049443939	0.0999548598	0.0749595557	0.0038280204	0.0009977478	0.0168819007	0.9998496648
192.0000000000	200.0000000000	16.8999724187	1.3195148562	0.2126625704	-0.0002246581	0.0018442988	0.0827783448	0.9965662515
193.0000000000	197.0000000000	7.9269707652	0.3347563668	0.1123734179	0.0008378713	0.0011325158	0.0384706431	0.9992587378
193.0000000000	201.0000000000	16.7817689259	1.6038426634	0.2331117859	-0.0066932721	0.0006697588	0.0893473948	0.9959778083
194.0000000000	198.0000000000	9.0484023111	0.4929969995	0.1287019789	0.0006194365	0.0020193604	0.0488169059	0.9988055107
194.0000000000	201.0000000000	15.6576993704	1.4998098570	0.2148491573	-0.0073829964	0.0007208303	0.0863559714	0.9962367279
195.0000000000	200.0000000000	11.2295510346	0.8420490764	0.1521910250	-0.0040909652	0.0011703748	0.0659346905	0.9978148680
195.0000000000	203.0000000000	17.7802018386	1.9585652951	0.2338083549	-0.0086596720	0.0002466585	0.0878974038	0.9960918610
196.0000000000	200.0000000000	8.9697039633	0.5677656114	0.1212225449	-0.0037888698	0.0011854950	0.0534557021	0.9985623300
196.0000000000	203.0000000000	15.5462186786	1.5201115325	0.2036587048	-0.0083696347	0.0003126480	0.0754378979	0.9971153268
197.0000000000	201.0000000000	8.9258770602	0.5847595735	0.1393341779	-0.0075982309	-0.0001263427	0.0509571262	0.9986719292
197.0000000000	204.0000000000	15.5313969416	1.4266435922	0.2400298633	-0.0057502232	-0.0013311372	0.0678552360	0.9976777185
198.0000000000	201.0000000000	6.6755845969	0.3576354835	0.1121584674	-0.0081304749	-0.0008778903	0.0376042686	0.9992592475
198.0000000000	204.0000000000	13.3010531330	1.0228536008	0.2237521335	-0.0063130967	-0.0020981608	0.0545163566	0.9984907157
200.0000000000	203.0000000000	6.6403407567	0.2441068220	0.1026665576	-0.0046523826	-0.0007083019	0.0220192104	0.9997464719
200.0000000000	207.0000000000	14.3581630402	0.7974388535	0.2506489659	-0.0042354071	-0.0015036884	0.0430313457	0.9990636134
201.0000000000	206.0000000000	11.0632903728	0.4002566450	0.2004429644	0.0010003163	-0.0030727479	0.0287919051	0.9995802038
201.0000000000	208.0000000000	15.4425512977	0.7494203749	0.2848458348	0.0009467188	-0.0024348650	0.0410360938	0.9991542494
202.0000000000	206.0000000000	8.8538805948	0.2470016965	0.1649337041	0.0021785377	-0.0029006969	0.0221859741	0.9997472793
202.0000000000	208.0000000000	13.2374047141	0.5380914107	0.2482340050	0.0021312534	-0.0022771688	0.0344334721	0.9994021254
203.0000000000	206.0000000000	6.6267826360	0.1570989035	0.1248549142	0.0010445467	-0.0024959082	0.0171183940	0.9998498087
203.0000000000	209.0000000000	12.0890690408	0.4730823654	0.2255866417	0.0025755284	-0.0026471535	0.0312686200	0.9995041934
204.0000000000	208.0000000000	8.8009703438	0.2888457520	0.1515382466	-0.0008133367	-0.0009528529	0.0241304542	0.9997080332
204.0000000000	210.0000000000	12.0225861702	0.4773679938	0.2091712025	0.0003445713	-0.0014029081	0.0267900730	0.9996400378
205.0000000000	208.0000000000	7.6965396391	0.2429773179	0.1194088768	-0.0014512269	0.0000442477	0.0216059491	0.9997655100
205.0000000000	210.0000000000	10.9191732451	0.4152894193	0.1704924510	-0.0002918107	-0.0004070446	0.0242648910	0.9997054387
206.0000000000	210.0000000000	7.6178907448	0.2084735771	0.1044626406	0.0011595525	0.0001841137	0.0149088524	0.9998881676
206.0000000000	216.0000000000	19.5097483406	0.0988252185	0.2717312673	0.0042770458	0.0004066318	-0.0086562116	0.9999533047
207.0000000000	210.0000000000	6.5094721656	0.1409687461	0.1154598014	0.0017325265	-0.0014369270	0.0110111275	0.9999368423
207.0000000000	217.0000000000	20.2791989058	-0.0705541431	0.3552300616	0.0072385272	-0.0018406236	0.0009614747	0.9999716453
208.0000000000	214.0000000000	10.3787904656	-0.1180959962	0.1575316380	-0.0018674889	0.0025855050	-0.0286656575	0.9995839673
208.0000000000	220.0000000000	22.5113988916	-0.0820882358	0.3792498527	0.0127416304	-0.0048882902	0.0593830587	0.9981419778
209.0000000000	215.0000000000	11.2027604345	-0.2715610140	0.1523243783	-0.0015490395	0.0015819693	-0.0324652568	0.9994704122
209.0000000000	219.0000000000	19.6149722398	-0.3613481087	0.2902610044	0.0104637979	-0.0019877315	0.0318877666	0.9994347043
210.0000000000	216.0000000000	11.8832405861	-0.4637557042	0.1723121457	0.0031247242	0.0001486702	-0.0235630834	0.9997174576
210.0000000000	220.0000000000	19.2837482930	-0.2166924836	0.3094449340	0.0116100355	-0.0043747033	0.0567282268	0.9983125649
211.0000000000	218.0000000000	13.5128643276	-0.3084600408	0.2388663827	0.0128377155	-0.0021462338	0.0161554292	0.9997847713
211.0000000000	222.0000000000	21.6324641576	1.0321688198	0.4832580799	0.0133170801	-0.0107113732	0.1385437197	0.9902088465
212.0000000000	218.0000000000	12.4753165195	-0.1609047057	0.2326246842	0.0143177137	-0.0025540998	0.0221720399	0.9996483783
212.0000000000	221.0000000000	18.8310283132	0.7784111113	0.4222795250	0.0152388075	-0.0101311649	0.1137844035	0.9933369256
213.0000000000	218.0000000000	10.4408003658	0.0808371548	0.2214436691	0.0138047798	-0.0036596129	0.0329790303	0.9993540008
213.0000000000	223.0000000000	20.2308698182	2.3422433073	0.5771167669	0.0137976503	-0.0145671633	0.1848824518	0.9825558008
214.0000000000	219.0000000000	10.3065405216	0.4268963451	0.2356041913	0.0138453820	-0.0051514879	0.0624516524	0.9979386548
214.0000000000	226.0000000000	24.1184155317	5.5524506703	0.8217924542	-0.0005034831	-0.0209661463	0.2330714378	0.9722334453
215.0000000000	219.0000000000	8.3998388859	0.4558395332	0.1651150254	0.0120205011	-0.0032774390	0.0643312371	0.9978508195
215.0000000000	225.0000000000	19.6607863294	4.3049096829	0.5708218563	0.0014293336	-0.0121081420	0.2302537098	0.9730542529
216.0000000000	221.0000000000	10.0687982875	1.2056799299	0.2161750574	0.0071126446	-0.0075531751	0.1237343996	0.9922611341
216.0000000000	226.0000000000	19.4658321686	5.2370483086	0.5483297970	-0.0060725804	-0.0168699126	0.2256312333	0.9740477793
217.0000000000	221.0000000000	8.2181528959	0.9462554552	0.1726714910	0.0047206892	-0.0068266503	0.1103313311	0.9938602061
217.0000000000	227.0000000000	19.4929977639	5.5487866842	0.5448568064	-0.0095329315	-0.0164575841	0.2097746587	0.9775647619
218.0000000000	224.0000000000	11.6568665550	2.2552007588	0.2879918674	-0.0022820916	-0.0114828064	0.1758475300	0.9843477960
218.0000000000	228.0000000000	19.6804726089	5.5957956040	0.5414783775	-0.0114555967	-0.0154804198	0.1887068996	0.9818446068
219.0000000000	225.0000000000	11.6646443604	2.3790280239	0.2553779605	-0.0102945880	-0.0062171857	0.1673019784	0.9858323468
219.0000000000	228.0000000000	18.0647499753	4.7214511387	0.4415157291	-0.0133413628	-0.0135652158	0.1665316556	0.9858525248
220.0000000000	226.0000000000	12.6751816852	2.6528429812	0.2477026832	-0.0148472099	-0.0104256118	0.1468945847	0.9889857673
220.0000000000	228.0000000000	16.4558325622	3.8063336347	0.3512301935	-0.0141506912	-0.0113558155	0.1412364450	0.9898096130
221.0000000000	226.0000000000	10.1032711492	1.6030913881	0.1433283543	-0.0133367992	-0.0070259737	0.1035277665	0.9945123262
221.0000000000	229.0000000000	15.9649153406	2.8166118034	0.2773173433	-0.0107454103	-0.0125022118	0.0958288365	0.9952613049
222.0000000000	226.0000000000	8.3657573707	0.9954709549	0.1117065945	-0.0132617367	-0.0059620117	0.0726784448	0.9972494294
222.0000000000	229.0000000000	14.2914735519	1.8436236750	0.2381987172	-0.0108462498	-0.0115137233	0.0649570592	0.9977626840
223.0000000000	228.0000000000	10.5088548433	0.8489802299	0.1277195764	-0.0124225481	-0.0047683535	0.0368589525	0.9992318854
223.0000000000	230.0000000000	14.6201681746	1.1512983098	0.2206878015	-0.0102993653	-0.0097901533	0.0331310845	0.9993499923
224.0000000000	228.0000000000	8.6874529365	0.3545221980	0.0671142879	-0.0095909356	-0.0023799870	0.0131944778	0.9998641185
224.0000000000	232.0000000000	16.0293082753	0.5477826544	0.2046664655	-0.0099817088	-0.0054334483	0.0085656027	0.9998987317
225.0000000000	229.0000000000	8.8488251152	0.0914953252	0.1787696824	-0.0027417776	-0.0114054577	-0.0028763152	0.9999270598
225.0000000000	233.0000000000	16.3527682955	0.0817503159	0.3888963601	-0.0062563536	-0.0099573798	-0.0050957798	0.9999178675
226.0000000000	229.0000000000	5.9870331075	-0.0225996057	0.0662518872	0.0019661289	-0.0056065517	-0.0078255031	0.9999517300
226.0000000000	232.0000000000	11.2980836726	-0.0847381783	0.1573788259	0.0000508747	-0.0039281281	-0.0103967808	0.9999382352
227.0000000000	231.0000000000	7.1837930145	-0.0332362905	0.0956543692	0.0031260711	-0.0042840792	-0.0075279565	0.9999576012
227.0000000000	236.0000000000	17.1258742725	-0.0834673157	0.2813267835	0.0051000133	-0.0063751396	0.0011503677	0.9999660115
228.0000000000	232.0000000000	7.3449457941	-0.0028713806	0.1044187045	-0.0004416934	-0.0030034137	-0.0046570572	0.9999845480
228.0000000000	236.0000000000	15.1281179144	0.0073349659	0.2457398711	0.0034047491	-0.0058920597	0.0041315564	0.9999683103
229.0000000000	233.0000000000	7.5067193167	0.0327487902	0.0389760404	-0.0035438221	0.0014438440	-0.0021752767	0.9999903124
229.0000000000	238.0000000000	16.4801397346	0.1596639584	0.1567783279	0.0066295377	-0.0028850087	0.0205895670	0.9997618695
230.0000000000	233.0000000000	5.4167131559	0.0440937794	0.0200842561	-0.0039745076	0.0018183178	-0.0004579195	0.9999903436
230.0000000000	238.0000000000	14.3897355211	0.2019164773	0.1309186013	0.0062150464	-0.0024834155	0.0223044704	0.9997288215
231.0000000000	235.0000000000	7.6886103796	0.0739178380	0.0625051650	-0.0024919058	-0.0028612811	0.0028530097	0.9999887318
231.0000000000	239.0000000000	14.4486381575	0.2764464227	0.1859235076	0.0073285894	-0.0042270306	0.0274747099	0.9995866967
232.0000000000	235.0000000000	5.5292008678	0.0558421768	0.0530372552	-0.0006275688	-0.0036765688	0.0029473252	0.9999887011
232.0000000000	239.0000000000	12.2889752306	0.2592601940	0.1881570966	0.0091723651	-0.0050869432	0.0275743407	0.9995647285
233.0000000000	238.0000000000	8.9724102099	0.1650236951	0.1447453684	0.0101490006	-0.0043870216	0.0227634806	0.9996797366
233.0000000000	243.0000000000	17.8690442701	0.9611925795	0.3718101360	0.0109764410	-0.0074831589	0.0582786314	0.9982119621
234.0000000000	238.0000000000	7.8714805086	0.1536762074	0.1230670367	0.0103843573	-0.0035157141	0.0226684576	0.9996829227
234.0000000000	244.0000000000	18.9527141740	1.2360634965	0.3931234275	0.0122477385	-0.0074733859	0.0648639418	0.9977909653
235.0000000000	241.0000000000	11.2257197324	0.4990895282	0.1651728528	0.0107492994	-0.0020312559	0.0433240349	0.9990011785
235.0000000000	244.0000000000	16.7266089807	1.1341586085	0.2787066677	0.0112088638	-0.0048469673	0.0623768390	0.9979779548
236.0000000000	239.0000000000	4.5083982123	0.0981797945	0.0665712683	0.0053219915	-0.0021866572	0.0187945979	0.9998068104
236.0000000000	244.0000000000	14.4836504523	0.9547950490	0.2669984337	0.0066030900	-0.0054121925	0.0566054567	0.9983601202
237.0000000000	241.0000000000	7.8476856339	0.3059155893	0.1332794573	0.0041431236	-0.0026200187	0.0330001485	0.9994433252
237.0000000000	246.0000000000	17.7199078755	1.3331154800	0.3764295240	0.0114876762	-0.0109233940	0.0637678269	0.9978388532
238.0000000000	242.0000000000	6.7110656972	0.2352167878	0.0937319694	0.0009882816	-0.0018998161	0.0275311842	0.9996186512
238.0000000000	247.0000000000	17.6740199165	1.2561170727	0.3439855195	0.0099349526	-0.0074972901	0.0584995230	0.9982098443
239.0000000000	243.0000000000	7.8043338669	0.3127988670	0.1141281816	0.0002970049	-0.0022434233	0.0311494476	0.9995121764
239.0000000000	248.0000000000	17.6762641963	1.2286449321	0.3372887676	0.0095495844	-0.0070362168	0.0564820945	0.9983331458
240.0000000000	243.0000000000	5.5648388926	0.1695107587	0.0892255271	-0.0004577864	-0.0024701553	0.0215397608	0.9997648361
240.0000000000	248.0000000000	15.4524438754	0.8956899206	0.3160697147	0.0087428837	-0.0073329983	0.0468883276	0.9988349583
241.0000000000	246.0000000000	9.9196522375	0.3754831330	0.1854496387	0.0071537155	-0.0084178518	0.0308186566	0.9994639436
241.0000000000	248.0000000000	13.2334799157	0.6163232931	0.2628406515	0.0085581386	-0.0067530635	0.0377589785	0.9992274085
242.0000000000	246.0000000000	8.8081390129	0.2837574825	0.1583674205	0.0076876498	-0.0075032982	0.0264398745	0.9995926838
242.0000000000	249.0000000000	14.3227915063	0.6628932422	0.2777871662	0.0085827440	-0.0046741028	0.0360212110	0.9993032381
243.0000000000	247.0000000000	8.7888605986	0.2382874959	0.1577550516	0.0088976985	-0.0050365667	0.0229404819	0.9996845494
243.0000000000	250.0000000000	14.3346154438	0.5591025364	0.2576645834	0.0116964662	-0.0007921072	0.0294840338	0.9994965017
244.0000000000	248.0000000000	7.7104900176	0.1634242732	0.1395137288	0.0081402965	-0.0042726801	0.0186393869	0.9997840032
244.0000000000	251.0000000000	14.3647513294	0.4623493961	0.2359044016	0.0152867314	0.0008104732	0.0234415454	0.9996079996
245.0000000000	249.0000000000	8.8148703758	0.2130239568	0.1477866585	0.0057831979	-0.0023042985	0.0183160682	0.9998128657
245.0000000000	251.0000000000	13.2674703949	0.3831891411	0.1961407552	0.0134443107	0.0015756199	0.0204642845	0.9996989452
246.0000000000	250.0000000000	7.7543429696	0.1343465218	0.0365364332	0.0041626440	0.0059334107	0.0110178230	0.9999130335
246.0000000000	253.0000000000	13.3423291280	0.2657938922	0.0338743587	0.0122278610	0.0064941910	0.0134470897	0.9998137230
247.0000000000	250.0000000000	5.5553701879	0.0673223689	0.0405282998	0.0029298812	0.0042361940	0.0064939405	0.9999656490
247.0000000000	254.0000000000	13.4051461378	0.1969453615	0.0601241746	0.0115112380	0.0061466543	0.0100911581	0.9998639300
248.0000000000	251.0000000000	6.6613717805	0.0517593194	0.0366319082	0.0072615878	0.0049871907	0.0047324881	0.9999499992
248.0000000000	255.0000000000	13.4115654241	0.1553669155	0.0497140016	0.0103002004	0.0073894310	0.0085628020	0.9998829835
249.0000000000	252.0000000000	5.5738072977	0.0126568015	0.0391822106	0.0090522842	0.0036472454	0.0028613068	0.9999482820
249.0000000000	256.0000000000	13.4508718977	0.1175776014	0.0531309139	0.0088091216	0.0086314097	0.0065342648	0.9999025960
250.0000000000	254.0000000000	7.8503546028	0.0279712546	0.0856452185	0.0085785268	0.0018656387	0.0036285098	0.9999548801
250.0000000000	257.0000000000	13.4631992306	0.1232946160	0.1099263211	0.0047564518	0.0071332133	0.0041881696	0.9999544753
251.0000000000	254.0000000000	5.6209745497	0.0238507482	0.0695143378	0.0039856477	0.0011595187	0.0029718540	0.9999869690
251.0000000000	259.0000000000	13.4737797743	0.1329307790	0.1008141870	-0.0001048609	0.0086099355	0.0020081903	0.9999609118
252.0000000000	255.0000000000	5.6328058735	0.0312074852	0.0574171308	0.0017205094	0.0025193125	0.0030674396	0.9999906418
252.0000000000	259.0000000000	12.3563085237	0.1136215206	0.0772786160	-0.0014110249	0.0087133357	0.0012396845	0.9999602742
253.0000000000	256.0000000000	5.6352154012	0.0457437939	0.0455653277	-0.0023867863	0.0051540786	0.0025484328	0.9999806219
253.0000000000	259.0000000000	10.1143914896	0.0892271628	0.0515791242	-0.0035522527	0.0088454929	0.0001534533	0.9999545566
254.0000000000	257.0000000000	5.6132624314	0.0551742614	0.0439351694	-0.0038038331	0.0052860086	0.0005073168	0.9999786656
254.0000000000	261.0000000000	11.1948979157	0.0716765995	0.0356092278	-0.0059291186	0.0108000912	-0.0034808561	0.9999180403
255.0000000000	259.0000000000	6.7236945826	0.0412901313	0.0535269794	-0.0031078494	0.0062005013	-0.0018461926	0.9999742430
255.0000000000	261.0000000000	10.0654065038	0.0445751322	0.0487588913	-0.0049639354	0.0095459263	-0.0043281648	0.9999327486
256.0000000000	259.0000000000	4.4790427513	0.0205147122	0.0523364446	-0.0011437575	0.0037001637	-0.0023920645	0.9999896393
256.0000000000	263.0000000000	12.2070982308	-0.0156418157	0.0662543070	-0.0020790330	0.0093575329	-0.0073154711	0.9999272964
257.0000000000	259.0000000000	2.2397862294	0.0051490008	0.0286210724	-0.0002542564	0.0021785500	-0.0014984172	0.9999964720
257.0000000000	264.0000000000	11.0559143866	-0.0308671214	0.0668314099	0.0000138583	0.0094319345	-0.0069322224	0.9999314890
258.0000000000	261.0000000000	4.4662049883	0.0132187585	0.0481993926	-0.0016611794	0.0045024768	-0.0032307924	0.9999832649
258.0000000000	265.0000000000	12.0924428565	-0.0433693296	0.0648399756	0.0020601112	0.0092873081	-0.0074031559	0.9999273449
259.0000000000	261.0000000000	3.3414786583	0.0155265607	0.0367309816	-0.0018469537	0.0033498828	-0.0024830952	0.9999896006
259.0000000000	265.0000000000	10.9677287717	-0.0296031233	0.0709420035	0.0018755541	0.0081367883	-0.0066521050	0.9999430106
260.0000000000	263.0000000000	5.5033610948	0.0067022811	0.0685156103	0.0004159593	0.0031399334	-0.0033673524	0.9999893143
260.0000000000	266.0000000000	10.8831676646	-0.0369885986	0.0944888965	0.0059529812	0.0060064080	-0.0058462372	0.9999471519
261.0000000000	265.0000000000	7.6259817437	-0.0074794287	0.0852078465	0.0037244629	0.0048039548	-0.0041477707	0.9999729228
261.0000000000	269.0000000000	15.0340230261	-0.0762108393	0.1241059647	0.0113970626	0.0076665313	-0.0045406635	0.9998953513
262.0000000000	266.0000000000	7.5674780221	-0.0153138109	0.0621996172	0.0068257580	0.0051189342	-0.0035437256	0.9999573229
262.0000000000	269.0000000000	12.8357532264	-0.0503854605	0.0886292562	0.0117643637	0.0076012382	-0.0031801273	0.9998968485
263.0000000000	266.0000000000	5.3797074466	-0.0074219930	0.0597773284	0.0055351117	0.0028841884	-0.0024628050	0.9999774890
263.0000000000	270.0000000000	12.7139490000	-0.0306371591	0.1241934980	0.0101481506	0.0057904618	-0.0016766789	0.9999303347
264.0000000000	266.0000000000	4.2915165029	-0.0033338316	0.0556788286	0.0043429006	0.0012833054	-0.0019546657	0.9999878357
264.0000000000	270.0000000000	11.6255365643	-0.0189937661	0.1436208316	0.0089532668	0.0041929079	-0.0011646526	0.9999504498
265.0000000000	268.0000000000	6.3596639503	-0.0053176131	0.1057559581	0.0060489925	0.0016865626	-0.0003917853	0.9999802057
265.0000000000	273.0000000000	14.5126886713	0.0255210381	0.1894448186	0.0086675764	0.0050709926	0.0014994538	0.9999484536
266.0000000000	268.0000000000	4.2198663863	0.0028135899	0.0751542549	0.0033153228	0.0012945526	0.0003495939	0.9999936053
266.0000000000	273.0000000000	12.3727619388	0.0462499832	0.1650876395	0.0059307196	0.0046860969	0.0022325887	0.9999689408
267.0000000000	270.0000000000	5.2137795255	0.0195395953	0.0634164335	0.0022514633	0.0028753391	0.0007647584	0.9999930392
267.0000000000	274.0000000000	12.2225003090	0.0750608359	0.1386683053	0.0021168916	0.0052252051	0.0023644053	0.9999813126
268.0000000000	270.0000000000	3.1138177536	0.0090986221	0.0396161803	0.0012884780	0.0016284945	0.0004298884	0.9999977515
268.0000000000	276.0000000000	14.0258695619	0.0961662662	0.1522454656	-0.0000377042	0.0083678810	0.0018352675	0.9999633038
269.0000000000	271.0000000000	4.0996584138	0.0230478361	0.0763456516	-0.0003634150	0.0006478067	0.0007931758	0.9999994096
269.0000000000	277.0000000000	15.8674585925	0.1209803866	0.1696981071	-0.0001144057	0.0129114951	0.0038916527	0.9999090635
270.0000000000	273.0000000000	5.0386142332	0.0251750923	0.0874977098	0.0013241458	0.0017696900	0.0014451252	0.9999965132
270.0000000000	279.0000000000	17.5864489470	0.1526654381	0.1067347776	0.0030146515	0.0156960863	0.0073676029	0.9998451196
271.0000000000	275.0000000000	6.9355596860	0.0458165050	0.0980879291	-0.0008562829	0.0040362359	0.0010422714	0.9999909446
271.0000000000	280.0000000000	18.3382952316	0.1853600124	0.0351219694	0.0037651337	0.0163667528	0.0074210981	0.9998314260
272.0000000000	276.0000000000	7.8670032948	0.0539931259	0.1081818436	-0.0021361738	0.0057499117	0.0007428819	0.9999809115
272.0000000000	280.0000000000	17.3276375324	0.1748600396	0.0472808447	0.0029117359	0.0156046435	0.0071495942	0.9998484386
273.0000000000	276.0000000000	5.8729642069	0.0360605962	0.0811263634	-0.0026423610	0.0049759001	-0.0000618221	0.9999841271
273.0000000000	280.0000000000	15.3338595671	0.1417296816	0.0347976485	0.0024085271	0.0148299551	0.0063438807	0.9998670045
274.0000000000	278.0000000000	8.6935997028	0.0475003190	0.0562459397	0.0022015339	0.0121701273	0.0039319307	0.9999157870
274.0000000000	282.0000000000	16.9418298914	0.1572228685	-0.0251683426	0.0079983433	0.0152371419	0.0046910581	0.9998409123
275.0000000000	278.0000000000	6.7323387719	0.0383126305	0.0515180600	0.0029469577	0.0102580744	0.0041138614	0.9999345796
275.0000000000	283.0000000000	16.6899332008	0.1668234568	-0.0074239287	0.0090275513	0.0119724912	0.0043874869	0.9998779489
276.0000000000	280.0000000000	9.4608696843	0.1068354613	0.0483870077	0.0050180136	0.0098378675	0.0064567639	0.9999181697
276.0000000000	283.0000000000	14.7477703240	0.1582082656	0.0379321328	0.0094422283	0.0094906288	0.0044469243	0.9999004936
277.0000000000	280.0000000000	6.5708586458	0.0653875425	0.0875762954	0.0034679668	0.0040953200	0.0043598283	0.9999760964
277.0000000000	283.0000000000	11.8577021504	0.0945012670	0.1377155398	0.0079029305	0.0037357710	0.0023760036	0.9999589703
278.0000000000	281.0000000000	6.4774920666	0.0412662420	0.1009837096	0.0044313444	0.0020603490	0.0014946934	0.9999869419
278.0000000000	284.0000000000	11.6106841049	0.0607247149	0.1696928704	0.0057367254	0.0005111833	-0.0004196201	0.9999833262
279.0000000000	282.0000000000	6.3634615483	0.0100173957	0.1030690876	0.0048638717	0.0018691597	-0.0010331126	0.9999858907
279.0000000000	284.0000000000	9.7256735795	0.0134042921	0.1615634125	0.0047980201	-0.0006672484	-0.0022735836	0.9999856822
280.0000000000	282.0000000000	3.5773840604	-0.0105970417	0.0605215881	0.0041582866	0.0009716395	-0.0014751202	0.9999897942
280.0000000000	285.0000000000	8.5603203539	-0.0159993977	0.1612424649	0.0043004575	-0.0021832809	-0.0034769210	0.9999823250
281.0000000000	283.0000000000	3.4797340884	-0.0043897568	0.0581965516	0.0016551193	-0.0003772759	-0.0011584587	0.9999978881
281.0000000000	286.0000000000	9.1592508566	-0.0159679362	0.1789583520	0.0025607389	-0.0030854747	-0.0058226533	0.9999750093
282.0000000000	284.0000000000	3.3619547432	0.0109639804	0.0709934877	-0.0000609103	-0.0025424719	-0.0012282415	0.9999960118
282.0000000000	287.0000000000	10.5650197697	-0.0800741934	0.2453483121	-0.0007347952	-0.0026322425	-0.0224858499	0.9997434260
283.0000000000	286.0000000000	5.6796211716	0.0019715831	0.1164917443	0.0009070325	-0.0027148737	-0.0046600712	0.9999850451
283.0000000000	293.0000000000	18.1634522853	-1.7703639510	0.2502610628	0.0000963109	0.0058354315	-0.1611217900	0.9869172748
284.0000000000	287.0000000000	7.2040612319	-0.0733619093	0.1377157111	-0.0007278330	-0.0000899391	-0.0212561216	0.9997737941
284.0000000000	293.0000000000	16.5133894253	-1.7590620918	0.1796644384	0.0002436927	0.0070598957	-0.1603852751	0.9870292103
285.0000000000	287.0000000000	5.5833589592	-0.0680122265	0.0996719781	-0.0009494365	0.0005251541	-0.0204949499	0.9997893677
285.0000000000	293.0000000000	14.8952930388	-1.7395291120	0.1307718468	-0.0000669817	0.0076387789	-0.1596358421	0.9871464139
286.0000000000	287.0000000000	3.1780104236	-0.0430899026	0.0514580729	-0.0020102328	0.0014089435	-0.0173376665	0.9998466778
286.0000000000	293.0000000000	12.5003584113	-1.6557136226	0.0690508771	-0.0012634660	0.0083690161	-0.1565258314	0.9876375992
287.0000000000	293.0000000000	9.3725719843	-1.2885625417	0.0381016124	0.0007975318	0.0072689768	-0.1393634904	0.9902142917
287.0000000000	295.0000000000	12.3901644411	-2.3832162850	0.0403691600	0.0060016367	0.0081167433	-0.1895017550	0.9818284899
288.0000000000	293.0000000000	7.8092580774	-1.0164840427	0.1014862224	0.0018732599	0.0022545284	-0.1241871980	0.9922544774
288.0000000000	296.0000000000	12.3691821564	-2.6427747381	0.1429789938	0.0088835408	0.0024368896	-0.1991562307	0.9799244563
289.0000000000	291.0000000000	3.1549685497	-0.1944882297	0.0475529957	0.0003661817	0.0017946887	-0.0511114065	0.9986912782
289.0000000000	295.0000000000	9.3528752979	-1.6106231672	0.1278413309	0.0085905714	0.0020457220	-0.1547792519	0.9879096114
290.0000000000	292.0000000000	3.1417495473	-0.2219172344	0.0623325376	0.0023937345	-0.0020631612	-0.0539828972	0.9985368597
290.0000000000	296.0000000000	9.3895860974	-1.6731038621	0.1621418412	0.0114366747	-0.0007333439	-0.1557381748	0.9877318895
291.0000000000	294.0000000000	4.7295854705	-0.4555424561	0.0805444349	0.0063120106	0.0003091589	-0.0788676066	0.9968650679
291.0000000000	298.0000000000	11.8089017876	-2.4987256879	0.1750305857	0.0133605316	-0.0022731724	-0.1800224559	0.9835691355
292.0000000000	295.0000000000	4.7650774879	-0.4506662624	0.0644164012	0.0070918644	0.0022009602	-0.0771354826	0.9969929682
292.0000000000	299.0000000000	11.9329958686	-2.4202459350	0.1412413909	0.0128335138	-0.0010516013	-0.1712731931	0.9851394259
293.0000000000	297.0000000000	7.2294743821	-0.9380885857	0.0986633539	0.0101145987	-0.0008840706	-0.1079553711	0.9941038935
293.0000000000	299.0000000000	10.4639133222	-1.8073514292	0.1415267101	0.0113151042	-0.0016644543	-0.1451875108	0.9893380538
294.0000000000	297.0000000000	5.6694561532	-0.5799352588	0.0900467622	0.0069219103	-0.0021878170	-0.0825675644	0.9965590288
294.0000000000	301.0000000000	12.2204708849	-2.2542359969	0.2088398340	0.0117988202	-0.0015559809	-0.1566214379	0.9875870048
295.0000000000	297.0000000000	4.0792661110	-0.3060189655	0.0680978585	0.0049431707	-0.0025292760	-0.0573138388	0.9983407693
295.0000000000	302.0000000000	13.1735427964	-2.4105334596	0.2431640909	0.0097410465	-0.0039979796	-0.1580342918	0.9873774814
296.0000000000	298.0000000000	4.1224793272	-0.2709096376	0.0690915622	0.0036167967	-0.0023340162	-0.0515331686	0.9986620067
296.0000000000	304.0000000000	15.7987997526	-3.1375914724	0.3022929486	0.0061186492	-0.0021172748	-0.1846265640	0.9827874191
297.0000000000	301.0000000000	6.7375985307	-0.5717452522	0.1052202810	0.0047080456	0.0005001167	-0.0745548865	0.9972056724
297.0000000000	307.0000000000	18.3320831988	-4.1996791532	0.3019031762	0.0076861714	0.0006579767	-0.2310002767	0.9729231018
298.0000000000	300.0000000000	3.3714698445	-0.1482838384	0.0501870503	0.0014033914	-0.0004522038	-0.0368754164	0.9993187828
298.0000000000	306.0000000000	15.2230629511	-2.7962129534	0.2419864899	0.0045149754	0.0009663613	-0.1858593979	0.9825655018
299.0000000000	303.0000000000	8.5617406854	-0.8541178193	0.1267353294	-0.0003997828	-0.0021918725	-0.0933725429	0.9956287481
299.0000000000	308.0000000000	16.8230591065	-3.6307504803	0.2545066058	0.0093843816	0.0021539415	-0.2194103891	0.9755851450
300.0000000000	305.0000000000	10.3396759921	-1.2673886688	0.1652477632	0.0011450769	0.0012671177	-0.1224519574	0.9924729726
300.0000000000	309.0000000000	17.5706828121	-4.1450368892	0.2523996342	0.0111765570	0.0024089845	-0.2317695420	0.9727035318
301.0000000000	306.0000000000	10.3526089120	-1.3343044242	0.2041521939	0.0005111575	-0.0006751235	-0.1313174067	0.9913400131
301.0000000000	309.0000000000	15.9919539288	-3.5065399720	0.3003992567	0.0088331079	0.0003677383	-0.2138534083	0.9768257576
302.0000000000	307.0000000000	9.5054111205	-1.2620610487	0.1464688330	0.0026364817	0.0020231417	-0.1313813105	0.9913263373
302.0000000000	310.0000000000	15.1781511942	-3.3774263734	0.2079660815	0.0096603462	0.0041937592	-0.2067036316	0.9783469215
303.0000000000	307.0000000000	6.9524662997	-0.7769312289	0.0745192457	0.0059464069	0.0044422059	-0.1019146910	0.9947654512
303.0000000000	310.0000000000	12.7408384217	-2.5524969939	0.1002712901	0.0127138801	0.0070707075	-0.1775935027	0.9839963974
304.0000000000	309.0000000000	9.4095400084	-1.4881924227	0.1195172757	0.0101630082	0.0031350792	-0.1362192100	0.9906216288
304.0000000000	310.0000000000	11.0752296262	-2.0033582285	0.1326770748	0.0115852080	0.0045927551	-0.1553993297	0.9877731207
305.0000000000	309.0000000000	7.7133268179	-1.0335808299	0.1107448208	0.0099773148	0.0022615149	-0.1109041906	0.9937784458
305.0000000000	311.0000000000	11.0872686825	-1.9593953187	0.1389894353	0.0112480660	0.0030787899	-0.1491030931	0.9887528861
306.0000000000	309.0000000000	6.0105270608	-0.6289412252	0.0897599157	0.0080646457	0.0020746538	-0.0837333902	0.9964533991
306.0000000000	312.0000000000	11.1402685875	-1.8423910192	0.1231082347	0.0108507348	0.0073628298	-0.1416095997	0.9898357296
307.0000000000	309.0000000000	4.3013540428	-0.3198630753	0.0693392102	0.0055129698	0.0014203185	-0.0570159893	0.9983570337
307.0000000000	313.0000000000	11.2209781864	-1.7134765149	0.1178663415	0.0084295296	0.0086616442	-0.1373163152	0.9904535065
308.0000000000	310.0000000000	4.3167527094	-0.2776642124	0.0708003600	0.0037343400	0.0018618598	-0.0507947308	0.9987003973
308.0000000000	314.0000000000	11.2978834046	-1.6148812095	0.1153419655	0.0068689887	0.0070343495	-0.1354934265	0.9907294617
309.0000000000	311.0000000000	3.4947562707	-0.1584439279	0.0547614943	0.0013087365	0.0005833742	-0.0385238690	0.9992566529
310.0000000000	312.0000000000	3.5259219524	-0.1567591045	0.0486579707	0.0011958464	0.0035723851	-0.0388884014	0.9992364586
311.0000000000	314.0000000000	5.3437979139	-0.3731232218	0.0382618186	0.0028283415	0.0059652479	-0.0659327547	0.9978022290
