idx1	idx2	t_1	t_2	t_3	q_1	q_2	q_3	q_4
0.0000000000	5.0000000000	4.7839990000	-4.1371330000	-0.1992940000	0.0109522223	0.0300083251	-0.5136103288	0.8574287022
0.0000000000	10.0000000000	6.8929830000	-10.6079820000	-0.5460950000	0.0132638638	0.0275735390	-0.6085502594	0.7929251867
1.0000000000	6.0000000000	5.0074092511	-4.0994539034	-0.2252878790	0.0099755015	0.0255859193	-0.4715455870	0.8814139831
1.0000000000	12.0000000000	9.1981016258	-12.8564289039	-0.7073640250	0.0157282530	0.0324054298	-0.5602438590	0.8275441551
2.0000000000	7.0000000000	5.3835874100	-3.5021787180	-0.1114253916	0.0084923443	0.0095134080	-0.3865474322	0.9221813584
2.0000000000	13.0000000000	12.2321718075	-12.1767121037	-0.4225979719	0.0136598723	0.0222535677	-0.4718022021	0.8813176889
3.0000000000	6.0000000000	3.9198390276	-1.5326936167	-0.0129706552	0.0051366500	0.0048623662	-0.2472011181	0.9689383775
3.0000000000	12.0000000000	11.7088462351	-7.3466304195	-0.1048961033	0.0114008247	0.0131460636	-0.3461233093	0.9380276419
4.0000000000	8.0000000000	5.7797376748	-1.9767909425	0.0108793528	0.0058316794	-0.0017067378	-0.2144853517	0.9767083047
4.0000000000	13.0000000000	13.8296062231	-6.4158550159	-0.0257425457	0.0068543027	0.0118792288	-0.2821138283	0.9592829042
5.0000000000	10.0000000000	6.7093195986	-1.1922454415	0.0597028815	0.0067881917	-0.0000046023	-0.1144380353	0.9934071957
5.0000000000	16.0000000000	18.1666029829	-5.3046520466	0.0408738674	0.0030178658	0.0083817511	-0.2563295911	0.9665483844
6.0000000000	11.0000000000	8.0459543710	-1.0502389659	0.0419527125	0.0046360688	0.0051625546	-0.0914908271	0.9957817449
6.0000000000	16.0000000000	17.4926017506	-3.8592263199	-0.0110752341	0.0003153007	0.0097239275	-0.2185331054	0.9757810347
7.0000000000	12.0000000000	8.5878455014	-0.7873509908	-0.0132934811	0.0013393952	0.0118775587	-0.0742094640	0.9971710410
7.0000000000	20.0000000000	23.1017665636	-6.7515852896	-0.0316647887	0.0104878146	-0.0169300194	-0.3200520387	0.9471906211
8.0000000000	14.0000000000	10.7915764430	-0.9252882195	-0.0504230625	-0.0027779595	0.0121496527	-0.0886064579	0.9959887371
8.0000000000	21.0000000000	23.4956523700	-7.1126264866	0.1394488292	0.0038846331	-0.0381516287	-0.3343922135	0.9416534450
9.0000000000	14.0000000000	9.4416422847	-0.7024961114	-0.0084751691	-0.0018456906	0.0100023858	-0.0775750870	0.9969346275
9.0000000000	22.0000000000	23.5388596157	-7.6819600684	0.3684031559	0.0083373826	-0.0413277891	-0.3478933642	0.9365856656
10.0000000000	15.0000000000	9.6390623166	-0.7826587265	0.0123856854	-0.0042078050	0.0075780260	-0.0940378341	0.9955308904
10.0000000000	23.0000000000	23.4700635733	-8.3123673006	0.5811927686	0.0169255567	-0.0396036726	-0.3579804921	0.9327352475
11.0000000000	14.0000000000	5.6829045799	-0.2850891463	0.0358568903	-0.0012247386	0.0045735076	-0.0512128924	0.9986765356
11.0000000000	20.0000000000	16.7490389032	-4.1462739870	0.2397216841	0.0126487484	-0.0241590128	-0.2604420933	0.9651042779
12.0000000000	17.0000000000	9.8335780508	-1.2789781522	0.1414553434	-0.0039390548	-0.0025851345	-0.1488350527	0.9888508118
12.0000000000	22.0000000000	18.6616240173	-6.0323714355	0.6967312391	0.0138573150	-0.0495517148	-0.3115076101	0.9488496252
13.0000000000	18.0000000000	9.8564255854	-1.7448983206	0.2058518721	0.0042905003	-0.0116321831	-0.1750382368	0.9844835700
13.0000000000	23.0000000000	17.7808563834	-6.3100356854	0.8589097151	0.0226608907	-0.0466250275	-0.3123961759	0.9485363568
14.0000000000	20.0000000000	11.4007875224	-2.7096833041	0.2986954859	0.0162424046	-0.0275742119	-0.2106433863	0.9770390017
14.0000000000	23.0000000000	16.3630951602	-5.6613785503	0.7946129219	0.0237603584	-0.0451521981	-0.2945509088	0.9542727527
15.0000000000	20.0000000000	9.8716119017	-2.1321393692	0.2578588381	0.0193087670	-0.0262271159	-0.1841670570	0.9823552336
15.0000000000	24.0000000000	16.3418964017	-5.6888691867	0.8846006579	0.0303251628	-0.0443082825	-0.2823709714	0.9578015427
16.0000000000	21.0000000000	9.8476319066	-2.0253431026	0.3861933755	0.0196592271	-0.0454607034	-0.1741666291	0.9834697883
16.0000000000	24.0000000000	14.3052914174	-4.1228299756	0.8329412305	0.0323071896	-0.0423569181	-0.2337522218	0.9708357409
17.0000000000	21.0000000000	8.2743893349	-1.4087056235	0.3290149960	0.0212047947	-0.0425082219	-0.1419457396	0.9887339454
17.0000000000	26.0000000000	16.4718008888	-4.9279502194	1.0638711889	0.0329993554	-0.0409142001	-0.2289933221	0.9720077825
18.0000000000	22.0000000000	7.4309733194	-1.0731052083	0.3565672551	0.0166518074	-0.0372568168	-0.1204144797	0.9918845699
18.0000000000	26.0000000000	14.3203358898	-3.4082566473	0.8998609384	0.0252357384	-0.0350976886	-0.1829653768	0.9821685093
19.0000000000	23.0000000000	7.3971392178	-1.0165403531	0.4169008997	0.0150731960	-0.0285709020	-0.1130807785	0.9930605419
19.0000000000	27.0000000000	14.3713192026	-3.0800746492	0.9307362219	0.0170293979	-0.0343504514	-0.1567583974	0.9868925225
20.0000000000	25.0000000000	8.8971505833	-1.2905407205	0.4367118644	0.0093440316	-0.0203680797	-0.1124743776	0.9934019050
20.0000000000	28.0000000000	14.5166799483	-2.7410039026	0.7141408688	0.0113699269	-0.0231216211	-0.1254398589	0.9917665840
21.0000000000	26.0000000000	8.8889807309	-1.0484051534	0.0982286952	0.0080898462	0.0006934188	-0.0889762783	0.9960006503
21.0000000000	29.0000000000	14.0049836073	-1.9127267259	0.1339605529	0.0067978769	-0.0012692869	-0.0775959423	0.9969609057
22.0000000000	26.0000000000	7.2691345134	-0.6061725265	0.0608551907	0.0060856288	0.0017716426	-0.0635690048	0.9979573177
22.0000000000	30.0000000000	14.2710359398	-1.3822522042	0.1006848943	0.0016867457	0.0001672363	-0.0453962701	0.9989676199
23.0000000000	26.0000000000	5.6207585076	-0.2866498908	0.1140408499	0.0016708720	-0.0036422350	-0.0419350835	0.9991123015
23.0000000000	29.0000000000	10.7948461848	-0.6649299027	0.2007405937	0.0004193207	-0.0055904495	-0.0305145539	0.9995186006
24.0000000000	27.0000000000	5.6668984679	-0.2281811539	0.0964106877	-0.0012480157	-0.0058656457	-0.0296898778	0.9995411686
24.0000000000	30.0000000000	11.0459334595	-0.4010046671	0.1833136617	-0.0054868936	-0.0047783013	-0.0094026081	0.9999293239
25.0000000000	29.0000000000	7.6008665090	-0.1654681521	0.0760753261	0.0004198460	-0.0025448780	-0.0046363241	0.9999859258
25.0000000000	32.0000000000	13.3727388927	-0.1151906803	0.1313865581	-0.0072430606	-0.0005181375	0.0020848521	0.9999714611
26.0000000000	31.0000000000	8.9759803278	0.2035544601	0.0833091148	-0.0080940338	-0.0008153512	0.0192278789	0.9997820315
26.0000000000	33.0000000000	14.0192473480	0.4183194161	0.1236615573	-0.0090011911	0.0010195647	0.0178639078	0.9997993898
27.0000000000	31.0000000000	7.3125741145	0.2390495336	0.0277695626	-0.0079167167	0.0018863915	0.0213520660	0.9997388941
27.0000000000	34.0000000000	14.4155872550	0.5690493958	0.0463151109	-0.0099627067	0.0044083229	0.0199135124	0.9997423484
28.0000000000	32.0000000000	7.5614127857	0.2363545565	0.0323417869	-0.0093034739	0.0020533584	0.0151840574	0.9998393238
28.0000000000	34.0000000000	12.6874240696	0.4166720011	0.0534573740	-0.0106112551	0.0038321386	0.0148128963	0.9998266320
29.0000000000	32.0000000000	5.7713590922	0.1038319616	0.0258714302	-0.0076550901	0.0019939676	0.0067396649	0.9999459988
29.0000000000	35.0000000000	12.9647108355	0.2432777198	0.0597099628	-0.0097812435	0.0046992041	0.0075495830	0.9999126205
30.0000000000	33.0000000000	6.9821081019	0.0445819240	0.0316413986	-0.0046240114	0.0028775410	-0.0003170416	0.9999851188
30.0000000000	37.0000000000	15.2139411830	0.1132604526	0.0665560438	-0.0055471035	0.0072456310	0.0057106479	0.9999420578
31.0000000000	35.0000000000	9.1759542567	0.0392815892	0.0648067662	-0.0028167345	0.0034895209	-0.0002385326	0.9999899161
31.0000000000	38.0000000000	15.3180455017	0.1018914896	0.0932744401	-0.0021253428	0.0051345031	0.0049506472	0.9999723051
32.0000000000	36.0000000000	9.2462995560	0.0537406763	0.0797759296	-0.0014526554	0.0051113559	0.0033170841	0.9999803802
32.0000000000	39.0000000000	15.3574339445	0.1465166773	0.1212525165	-0.0028251997	0.0023469248	0.0020928891	0.9999910650
33.0000000000	37.0000000000	8.2314457799	0.0733492288	0.0829447825	-0.0009420076	0.0043399851	0.0060451281	0.9999718664
33.0000000000	41.0000000000	17.2770249966	0.0878110929	0.1685497050	-0.0023533382	0.0024291528	-0.0127929919	0.9999124464
34.0000000000	38.0000000000	8.2069600176	0.0990644247	0.0877315392	-0.0001565717	0.0025453323	0.0063774560	0.9999764121
34.0000000000	41.0000000000	15.2142324286	0.0784035403	0.1685308545	-0.0012274625	0.0017314406	-0.0127167614	0.9999168863
35.0000000000	39.0000000000	8.1627732052	0.0909635212	0.1020505368	-0.0007192625	-0.0003684340	0.0012635994	0.9999988751
35.0000000000	41.0000000000	13.1487525406	0.0278719336	0.1651898644	-0.0003817015	0.0008338940	-0.0138996007	0.9999029753
36.0000000000	40.0000000000	8.1296771939	0.0356228000	0.1457514122	-0.0001409604	0.0002544921	-0.0076068257	0.9999710254
36.0000000000	43.0000000000	15.9935031444	-0.2322999490	0.2782996608	-0.0012557682	0.0071611435	-0.0265734455	0.9996204245
37.0000000000	41.0000000000	9.0440073497	-0.0951272427	0.1640438414	-0.0013411360	-0.0018842441	-0.0188451522	0.9998197394
37.0000000000	43.0000000000	13.9403229318	-0.3154599309	0.2543281193	-0.0015737281	0.0068403596	-0.0290229750	0.9995541005
38.0000000000	41.0000000000	7.0059381153	-0.1100606657	0.1164449675	-0.0010274694	-0.0008039048	-0.0190962429	0.9998167990
38.0000000000	44.0000000000	13.8195652471	-0.4361895849	0.1966785774	-0.0011018428	0.0067952140	-0.0312766324	0.9994870601
39.0000000000	43.0000000000	9.8841177442	-0.2603046546	0.1188771112	0.0000369984	0.0099531582	-0.0253252255	0.9996297146
39.0000000000	46.0000000000	15.6226633485	-0.5760159309	0.1259496946	0.0049021057	0.0070300908	-0.0280448134	0.9995699253
40.0000000000	44.0000000000	9.7858808134	-0.2120272750	0.1409806443	-0.0009818392	0.0057742338	-0.0209742959	0.9997628584
40.0000000000	47.0000000000	16.4853419849	-0.4843193811	0.1821331193	-0.0023682100	0.0105378816	-0.0204868851	0.9997317801
41.0000000000	46.0000000000	10.6468970753	-0.1774349851	0.0926330203	0.0044956796	0.0058819974	-0.0128821653	0.9998896143
41.0000000000	49.0000000000	17.2697007794	-0.2638211230	0.0478729131	-0.0010436889	0.0118205636	-0.0051808799	0.9999161682
42.0000000000	46.0000000000	8.6909143304	-0.0918033248	0.0403460533	0.0058801825	0.0070172518	-0.0075564363	0.9999295385
42.0000000000	51.0000000000	19.9605116891	0.0274467514	-0.0753391141	0.0054176809	0.0163961755	0.0280553537	0.9994572083
43.0000000000	48.0000000000	10.5060729747	0.0107761258	0.1724323436	-0.0039274917	0.0048527216	0.0005263619	0.9999803742
43.0000000000	52.0000000000	18.8695030850	0.3672513655	0.2337582432	0.0035966464	0.0075173896	0.0460972768	0.9989021944
44.0000000000	49.0000000000	10.4493026790	0.0565004416	0.1379866859	-0.0009185137	0.0041999050	0.0069899887	0.9999663280
44.0000000000	52.0000000000	16.9486071555	0.4262868468	0.1647076102	0.0034175857	0.0086535840	0.0480958193	0.9987993932
45.0000000000	49.0000000000	8.5373135447	0.0898667923	0.0378804639	-0.0042226403	0.0080649066	0.0081125406	0.9999256539
45.0000000000	53.0000000000	16.8784949935	0.6909902618	-0.0007789878	0.0017920395	0.0108867162	0.0633130439	0.9979327264
46.0000000000	52.0000000000	13.1217516299	0.4628412284	0.0346397436	-0.0012534747	0.0105509060	0.0487176294	0.9987560762
46.0000000000	55.0000000000	18.6095558624	1.2668973753	0.0490224244	0.0010972103	0.0050141474	0.0891507546	0.9960049184
47.0000000000	52.0000000000	10.2440259796	0.4073561249	0.1446065194	0.0046810877	0.0038527537	0.0476415473	0.9988460976
47.0000000000	55.0000000000	15.7329381641	1.1982925344	0.2392358922	0.0067493261	-0.0019212354	0.0880566321	0.9960907514
48.0000000000	53.0000000000	10.2069369759	0.5498435208	0.1716562322	0.0086707998	0.0006145100	0.0597489795	0.9981755853
48.0000000000	55.0000000000	13.8546440692	1.1148155291	0.2575662789	0.0092993536	-0.0033958966	0.0860251433	0.9962437777
49.0000000000	53.0000000000	8.3493329466	0.4654472680	0.1004583863	0.0055835322	0.0025557868	0.0552729838	0.9984523972
49.0000000000	56.0000000000	13.7895911164	1.3323778601	0.2037535862	0.0034994840	-0.0058520308	0.0906374102	0.9958606164
50.0000000000	54.0000000000	8.3123845492	0.5483378831	0.0992295476	0.0014297288	-0.0056020517	0.0594491521	0.9982145918
50.0000000000	57.0000000000	14.6017202635	1.6010080904	0.2593982376	-0.0076512338	-0.0124765987	0.0878211544	0.9960287335
51.0000000000	54.0000000000	5.5453908075	0.2624754340	0.0931887019	0.0025673832	-0.0081764693	0.0406366555	0.9991372359
51.0000000000	58.0000000000	13.6536194481	1.3548429065	0.3630424521	-0.0078821881	-0.0132333174	0.0745500847	0.9970983077
52.0000000000	55.0000000000	5.5384519656	0.2660324726	0.1322079768	0.0016479665	-0.0056660496	0.0405347110	0.9991607064
52.0000000000	59.0000000000	13.6303543300	1.2533543417	0.4279987000	-0.0087249946	-0.0107210272	0.0673813336	0.9976315402
53.0000000000	56.0000000000	5.5021934021	0.2624487923	0.1249926139	-0.0026214750	-0.0080755293	0.0354945561	0.9993338032
53.0000000000	61.0000000000	17.1371340025	1.6353732546	0.5249808232	-0.0160822785	-0.0103988944	0.0741121327	0.9970660034
54.0000000000	57.0000000000	6.3712309650	0.2990184979	0.0871797733	-0.0093113675	-0.0062940967	0.0285119867	0.9995302644
54.0000000000	61.0000000000	15.3451235008	1.1914017275	0.2645402655	-0.0173167042	-0.0026968611	0.0609722311	0.9979855940
55.0000000000	60.0000000000	10.8174539847	0.5491919429	0.2649668745	-0.0164485719	-0.0078369129	0.0369624483	0.9991505416
55.0000000000	63.0000000000	18.8106311413	1.4620165180	0.4652130142	-0.0163989007	-0.0071297161	0.0693260929	0.9974337753
56.0000000000	60.0000000000	9.0089263281	0.3440884101	0.1656491528	-0.0132809237	-0.0036232268	0.0278789065	0.9995165111
56.0000000000	64.0000000000	19.6752465771	1.4815135349	0.3498967610	-0.0127946602	-0.0032134654	0.0711970563	0.9973750295
57.0000000000	62.0000000000	11.6781589222	0.6014825904	0.0897782696	-0.0082089811	0.0018590705	0.0428669288	0.9990453358
57.0000000000	66.0000000000	21.3937812976	1.8673013196	0.1577140274	-0.0038392891	0.0038416930	0.0779090035	0.9969456798
58.0000000000	62.0000000000	9.8763679812	0.4625959380	0.1003271899	-0.0073040100	0.0001519252	0.0372806234	0.9992781312
58.0000000000	67.0000000000	22.2489584219	2.0228859917	0.2209586457	0.0013829486	0.0036434171	0.0795175287	0.9968258502
59.0000000000	64.0000000000	13.3779824076	0.8278411220	0.2312754263	-0.0055818104	-0.0030986432	0.0533614196	0.9985548561
59.0000000000	67.0000000000	20.4422504067	1.7482374818	0.3429705043	0.0019945527	0.0001417797	0.0734983595	0.9972933334
60.0000000000	65.0000000000	12.5021384245	0.7164753856	0.1515645237	0.0000573876	0.0005126659	0.0487410098	0.9988113174
60.0000000000	68.0000000000	20.4016339046	1.6802035198	0.2315175897	0.0066357352	0.0023929400	0.0667896393	0.9977421435
61.0000000000	65.0000000000	9.8078979339	0.4561450172	0.1466593958	-0.0001440226	-0.0009910476	0.0378284308	0.9992837469
61.0000000000	68.0000000000	17.7262808002	1.2471142173	0.2502868785	0.0064273253	0.0008212836	0.0558973305	0.9984154964
62.0000000000	66.0000000000	9.7879358407	0.4274372347	0.1181466956	0.0043681260	0.0015096479	0.0351230348	0.9993723094
62.0000000000	69.0000000000	16.8233873879	1.0584285546	0.1728009579	0.0074077941	0.0071773056	0.0466792572	0.9988566753
63.0000000000	67.0000000000	9.7993557134	0.3656896731	0.1139614333	0.0080680858	0.0024411618	0.0311271599	0.9994798881
63.0000000000	71.0000000000	17.6557083072	0.9635636113	0.1603247947	0.0052937865	0.0042319303	0.0366354670	0.9993057136
64.0000000000	69.0000000000	11.5062700376	0.3935401545	0.1053048567	0.0065113107	0.0070695443	0.0245232735	0.9996530565
64.0000000000	72.0000000000	16.7171095271	0.6811648489	0.1267654809	0.0061166202	0.0051654202	0.0262792034	0.9996225832
65.0000000000	70.0000000000	11.4621280179	0.3410199130	0.1062273335	0.0066183349	0.0053466985	0.0199630242	0.9997645163
65.0000000000	73.0000000000	16.6446990168	0.5930137999	0.1380966256	0.0016055867	0.0014590822	0.0214179269	0.9997682559
66.0000000000	70.0000000000	8.8125563578	0.1858023956	0.0828187626	0.0027644420	0.0046674941	0.0123657741	0.9999088258
67.0000000000	72.0000000000	9.6072418537	0.1337499566	0.1001012763	-0.0016427490	0.0025315192	0.0060871557	0.9999769194
68.0000000000	72.0000000000	6.9770029357	0.0546670299	0.0586298835	0.0000558409	0.0028507017	0.0028015171	0.9999920109
105.0000000000	110.0000000000	8.5559251033	0.4982927872	0.0285743205	0.0002944118	0.0075459579	0.0600009367	0.9981697548
105.0000000000	113.0000000000	14.1863347749	1.3196910329	-0.0289901518	0.0041583091	0.0095802173	0.0718633910	0.9973598052
106.0000000000	110.0000000000	6.6197093545	0.4090276545	0.0805707890	-0.0005441099	0.0013976145	0.0548264735	0.9984947714
106.0000000000	114.0000000000	13.7408977904	1.3676969367	0.0977759536	0.0050211184	0.0075965717	0.0658104761	0.9977905901
107.0000000000	111.0000000000	7.3973098230	0.5772249342	0.1032450993	-0.0054521619	0.0021455363	0.0587618511	0.9982548349
107.0000000000	117.0000000000	16.9437089077	1.6894711992	0.1531243208	0.0025661443	0.0023496545	0.0536842474	0.9985518993
108.0000000000	112.0000000000	7.5098703845	0.5559409971	0.0877518733	-0.0027115892	0.0028272854	0.0494485599	0.9987689891
108.0000000000	117.0000000000	15.6648033848	1.3251437559	0.1251668202	0.0022077034	0.0023747129	0.0428770338	0.9990750957
109.0000000000	113.0000000000	7.7192415290	0.4183947184	0.0166424334	0.0021589324	0.0051082604	0.0301826059	0.9995290166
109.0000000000	117.0000000000	13.7107980773	0.7639106341	0.0012660963	0.0030663238	0.0060585670	0.0246187943	0.9996738500
110.0000000000	115.0000000000	8.6878991865	0.2108116316	0.0406161033	0.0058963501	0.0074182371	0.0091538058	0.9999132016
110.0000000000	118.0000000000	13.9439161080	0.3069974322	0.0571263446	0.0027049219	0.0051454551	0.0043164577	0.9999737876
111.0000000000	116.0000000000	8.1121304608	-0.0054713555	0.0767560069	0.0082459557	0.0045804576	-0.0041152278	0.9999470429
111.0000000000	118.0000000000	11.8661249184	-0.0281547045	0.1157587520	0.0059349675	0.0021846711	-0.0071069218	0.9999547465
112.0000000000	116.0000000000	6.6922486681	-0.0252697195	0.0640744789	0.0051342897	0.0041451362	-0.0056281781	0.9999623896
112.0000000000	119.0000000000	11.9405428109	-0.0782727951	0.1261152773	-0.0002613602	0.0028475079	-0.0124463467	0.9999184526
113.0000000000	117.0000000000	6.0013382474	-0.0165658053	0.0452039815	0.0009637586	0.0009097107	-0.0055629738	0.9999836483
113.0000000000	119.0000000000	9.7513962941	-0.0466126006	0.0738518166	-0.0042206649	0.0044070642	-0.0114489901	0.9999158387
114.0000000000	117.0000000000	4.5058975104	-0.0048015292	0.0662635429	-0.0010559850	-0.0031443818	-0.0046482441	0.9999836957
114.0000000000	120.0000000000	9.7412378075	-0.0759101867	0.1391775445	-0.0056635752	0.0009636844	-0.0188325648	0.9998061461
115.0000000000	118.0000000000	5.2560825322	0.0006043775	0.0939279700	-0.0031764288	-0.0022723408	-0.0048477553	0.9999806228
115.0000000000	121.0000000000	9.7033536209	-0.1237662002	0.1891919696	-0.0051392810	-0.0028128830	-0.0280984129	0.9995879925
116.0000000000	119.0000000000	5.2478587884	0.0069344787	0.1057869946	-0.0053596562	-0.0013627703	-0.0068338629	0.9999613569
116.0000000000	123.0000000000	11.1696878491	-0.3497975822	0.2083709628	0.0000105362	0.0070804002	-0.0458909713	0.9989213616
117.0000000000	120.0000000000	5.2361322227	-0.0225511039	0.0398873329	-0.0046713988	0.0041010074	-0.0141660907	0.9998803337
117.0000000000	124.0000000000	11.9019428797	-0.5450863504	0.0468706288	-0.0012638237	0.0145301059	-0.0496593632	0.9986597150
118.0000000000	121.0000000000	4.4486587513	-0.0817831417	0.0743933726	-0.0020142766	-0.0004770858	-0.0232493670	0.9997275539
118.0000000000	125.0000000000	11.1387613581	-0.6527669801	0.0578343423	-0.0008245482	0.0111433867	-0.0483290285	0.9987689673
119.0000000000	123.0000000000	5.9264128076	-0.2767551539	0.0830386807	0.0052534762	0.0086874606	-0.0390247682	0.9991866675
119.0000000000	127.0000000000	12.6858840729	-0.8446364174	0.0308289030	0.0039042251	0.0123455516	-0.0419207301	0.9990370347
120.0000000000	123.0000000000	4.4437350406	-0.1863618393	0.0749405169	0.0046572347	0.0080250947	-0.0307645905	0.9994835907
120.0000000000	128.0000000000	13.5471018196	-0.7724198935	-0.0020257928	0.0025017212	0.0155431204	-0.0273804063	0.9995011086
121.0000000000	125.0000000000	6.7093867665	-0.2592897031	-0.0246254481	0.0009053409	0.0116950219	-0.0250722666	0.9996168207
121.0000000000	129.0000000000	13.6726572109	-0.5058271027	-0.1237345926	0.0006823613	0.0204181047	-0.0111115198	0.9997295482
122.0000000000	127.0000000000	8.2792239803	-0.1803484555	0.0114954861	0.0009810724	0.0105242600	-0.0110074327	0.9998835502
122.0000000000	131.0000000000	16.1539017439	-0.0946443553	-0.0940512207	-0.0089349598	0.0123487325	0.0115975457	0.9998165693
123.0000000000	128.0000000000	9.1222170937	-0.0250898072	0.0722172996	-0.0024129328	0.0074634533	0.0033306692	0.9999636900
123.0000000000	131.0000000000	14.6559956522	0.1740890629	0.0713825017	-0.0115513648	0.0053881782	0.0195996724	0.9997266558
124.0000000000	128.0000000000	6.8829380398	0.0492386666	0.0881061956	-0.0011569944	0.0048863795	0.0080382424	0.9999550847
124.0000000000	132.0000000000	14.7853132468	0.4598018185	0.1402612556	-0.0110376835	0.0020855192	0.0312022139	0.9994499697
125.0000000000	130.0000000000	8.5323110683	0.1778470139	0.0668032284	-0.0059543758	0.0050889398	0.0183148959	0.9998015867
125.0000000000	133.0000000000	15.6606531975	0.6499817838	0.1223579060	-0.0071406852	0.0014948775	0.0388497166	0.9992184323
126.0000000000	131.0000000000	9.4023253426	0.2859031756	0.0723800779	-0.0079645022	0.0026077823	0.0242650282	0.9996704330
126.0000000000	134.0000000000	15.7526521464	0.7669477223	0.1462676014	-0.0103525373	0.0017431978	0.0429796234	0.9990207897
127.0000000000	131.0000000000	7.8713670601	0.2590069489	0.0598499979	-0.0101727971	0.0017380042	0.0224954567	0.9996936771
127.0000000000	135.0000000000	15.7841455918	0.8640244408	0.1783505731	-0.0108207716	-0.0040203402	0.0455210307	0.9988966831
128.0000000000	132.0000000000	7.9070622042	0.2832652493	0.1302102227	-0.0100165248	-0.0027456499	0.0231154697	0.9996788513
128.0000000000	137.0000000000	17.4398089414	1.0460881321	0.3372367583	-0.0140287790	0.0072634339	0.0454993110	0.9988394509
129.0000000000	133.0000000000	8.7028946103	0.3043078569	0.2106859891	-0.0068533537	-0.0071478754	0.0248462515	0.9996422376
129.0000000000	137.0000000000	15.8663329826	0.8589519181	0.3959580091	-0.0129640018	0.0045954622	0.0403565403	0.9990906696
130.0000000000	135.0000000000	10.3155734375	0.3986271447	0.2009658170	-0.0035261468	-0.0071224329	0.0297250229	0.9995265180
130.0000000000	138.0000000000	15.8942518654	0.8299722660	0.2878685331	-0.0087685899	0.0074592643	0.0388314181	0.9991794594
131.0000000000	137.0000000000	11.9287429166	0.4935068845	0.2177247279	-0.0045576787	0.0091475578	0.0294106254	0.9995151649
131.0000000000	141.0000000000	19.8986306652	1.1679302848	0.2738407538	-0.0016348853	0.0090771253	0.0482376499	0.9987933030
132.0000000000	138.0000000000	11.1470037896	0.4035738952	0.1758526703	-0.0051301202	0.0093487780	0.0252289670	0.9996248203
132.0000000000	142.0000000000	19.1675882628	1.0219028527	0.1921502819	0.0009492024	0.0155761785	0.0433001084	0.9989402296
133.0000000000	138.0000000000	8.7733570344	0.2603535559	0.0921171075	-0.0071115720	0.0112726027	0.0183682939	0.9997424467
133.0000000000	142.0000000000	16.8016606752	0.7687067387	0.0765818614	-0.0009551203	0.0174947407	0.0364194283	0.9991829898
134.0000000000	139.0000000000	9.5359697590	0.2607773229	0.1128981264	-0.0032707664	0.0023603784	0.0201534184	0.9997887629
134.0000000000	142.0000000000	15.1942039417	0.5910212671	0.1201541496	0.0028496716	0.0157248442	0.0315390297	0.9993747537
135.0000000000	139.0000000000	7.9705312387	0.1771277553	-0.0081115259	-0.0047046567	0.0074658055	0.0159138414	0.9998344251
135.0000000000	143.0000000000	15.2462921521	0.5721705773	-0.0884497664	-0.0028658915	0.0175660988	0.0289746788	0.9994216762
136.0000000000	139.0000000000	6.3950315896	0.0998220144	-0.0274094985	0.0022175678	0.0080388853	0.0127903464	0.9998834261
136.0000000000	143.0000000000	13.6730563014	0.4497502942	-0.1123362814	0.0040942589	0.0180427989	0.0259204692	0.9994927832
137.0000000000	141.0000000000	7.9933194774	0.2035097000	0.2062133275	0.0027437932	-0.0002355637	0.0188655371	0.9998182373
137.0000000000	144.0000000000	13.6731360190	0.4972683192	0.2905197414	-0.0010561050	-0.0078514221	0.0230012432	0.9997040475
138.0000000000	142.0000000000	8.0397845057	0.2120316248	0.1707642929	0.0060616973	0.0059853829	0.0181704090	0.9997986133
138.0000000000	145.0000000000	14.5305445928	0.5219851546	0.2999263552	0.0025860531	-0.0040431556	0.0221184000	0.9997438380
139.0000000000	143.0000000000	7.2850220482	0.1635192338	0.0310174107	0.0018997452	0.0100109966	0.0131264920	0.9998619235
139.0000000000	146.0000000000	14.6292427202	0.4105405842	0.0856847416	0.0039613244	0.0073003473	0.0177129337	0.9998086141
140.0000000000	144.0000000000	7.3179196605	0.1279628548	0.0345083385	-0.0016484642	-0.0018350138	0.0073387156	0.9999700288
140.0000000000	149.0000000000	17.9727449572	0.4219815054	0.1346470600	0.0038983206	0.0056520405	0.0206488818	0.9997632126
141.0000000000	144.0000000000	5.6868995831	0.0797334197	0.0806032097	-0.0039415967	-0.0075314633	0.0041589024	0.9999552212
141.0000000000	148.0000000000	14.7007073388	0.2453995054	0.2738705723	0.0005150710	-0.0007521018	0.0131187253	0.9999135303
142.0000000000	146.0000000000	8.9627304681	0.1055831483	0.2843287567	-0.0025486553	-0.0058331175	0.0062682249	0.9999600934
142.0000000000	150.0000000000	17.1546962576	0.3690300406	0.5289517057	-0.0032182282	-0.0099533102	0.0229920273	0.9996809197
143.0000000000	147.0000000000	8.9747146547	0.0849888955	0.2422039725	0.0015686544	-0.0047640901	0.0057296211	0.9999710067
143.0000000000	150.0000000000	15.5397736752	0.2892807901	0.3967652537	0.0013546675	-0.0069235509	0.0213197598	0.9997478168
144.0000000000	149.0000000000	10.6582924522	0.1373320352	0.0617371051	0.0056256460	0.0074238074	0.0133134487	0.9998679869
144.0000000000	152.0000000000	17.2368414917	0.5564178320	0.1228722910	0.0097185505	0.0021271040	0.0511687546	0.9986404677
145.0000000000	150.0000000000	10.6652641649	0.2064061596	0.1142664665	0.0006500880	-0.0000885231	0.0189990008	0.9998192874
145.0000000000	153.0000000000	16.4337218030	0.7029317716	0.2199147477	0.0069877899	0.0031598279	0.0646041152	0.9978815033
146.0000000000	150.0000000000	8.1969205769	0.1597022010	0.1500983074	-0.0005985323	-0.0041600812	0.0167182893	0.9998514061
146.0000000000	154.0000000000	16.4008260120	1.0257678004	0.3450380551	-0.0028510960	-0.0036396591	0.0773760986	0.9969912555
147.0000000000	150.0000000000	6.5681467715	0.1294286567	0.0914719060	-0.0001517355	-0.0021347820	0.0155953715	0.9998760944
147.0000000000	154.0000000000	14.7747031898	0.9769305129	0.2537858768	-0.0022816645	-0.0016429722	0.0762610329	0.9970839230
148.0000000000	152.0000000000	8.2255380241	0.3205697072	0.1714239813	0.0048469873	-0.0044428959	0.0422801057	0.9990841606
148.0000000000	155.0000000000	13.9268243317	1.1353008768	0.2886968106	-0.0101952064	-0.0045285372	0.0718341848	0.9973541999
149.0000000000	153.0000000000	8.2333444899	0.4127572237	0.1958814938	0.0034577855	-0.0008504113	0.0531429961	0.9985805638
149.0000000000	157.0000000000	16.3762745815	1.4749794220	0.4020256019	-0.0139570555	-0.0085059083	0.0392829622	0.9990944395
150.0000000000	154.0000000000	8.2296123422	0.5910943732	0.1274397588	-0.0019929091	0.0005098067	0.0607062933	0.9981535525
150.0000000000	159.0000000000	18.0623127927	1.3573616908	0.3554173984	-0.0084516421	-0.0049811419	0.0083321275	0.9999171634
151.0000000000	155.0000000000	8.2186417731	0.6456682497	0.0918311444	-0.0115242706	0.0009970191	0.0508316677	0.9986402449
151.0000000000	159.0000000000	16.4375490501	1.0394901131	0.2589613546	-0.0117672953	-0.0031086683	-0.0008588789	0.9999255619
152.0000000000	155.0000000000	5.7505580882	0.3309638374	0.0607895538	-0.0148923477	0.0006859884	0.0296674071	0.9994486442
152.0000000000	160.0000000000	15.6459957451	0.3052158691	0.2598406775	-0.0170957308	0.0017578532	-0.0277749116	0.9994664578
153.0000000000	157.0000000000	8.2100813392	0.1932973503	0.1878681130	-0.0178105360	-0.0067666455	-0.0138263863	0.9997228758
153.0000000000	162.0000000000	17.2780506968	-0.4446968299	0.4381667180	-0.0219342843	-0.0104547664	-0.0496734519	0.9984698960
154.0000000000	159.0000000000	9.8527913594	-0.4319076437	0.2387001785	-0.0067499202	-0.0049852580	-0.0523987512	0.9985909857
154.0000000000	162.0000000000	14.7919573981	-0.9875630136	0.3248848943	-0.0136582138	-0.0075387721	-0.0647699550	0.9977782685
155.0000000000	161.0000000000	11.5285341587	-0.8154617142	0.2248935399	-0.0029329836	0.0034439986	-0.0613669137	0.9981050237
155.0000000000	166.0000000000	21.6328322551	-2.0231151398	0.4540571149	-0.0067930491	-0.0033072148	-0.0569417765	0.9983489124
156.0000000000	162.0000000000	11.5317708218	-0.7836126890	0.1246348919	-0.0022249597	-0.0015993335	-0.0542740113	0.9985223199
156.0000000000	168.0000000000	24.3998084225	-1.9715892905	0.3304064066	0.0005956658	-0.0042550778	-0.0309700992	0.9995110767
157.0000000000	163.0000000000	11.6106162403	-0.5571643947	0.1538568648	-0.0058041981	-0.0046042891	-0.0381373159	0.9992450435
157.0000000000	168.0000000000	21.9870700300	-1.1060853131	0.3539967143	-0.0015012763	-0.0056671704	-0.0125644496	0.9999038774
158.0000000000	163.0000000000	9.9719782185	-0.3239727506	0.1222502886	-0.0094458147	-0.0046000666	-0.0280123139	0.9995523629
158.0000000000	169.0000000000	22.1522060968	-0.6300973786	0.3525611992	-0.0075361909	0.0005044498	0.0054926933	0.9999563899
159.0000000000	163.0000000000	7.5017266756	-0.0811433063	0.0756348530	-0.0082650052	-0.0043624731	-0.0146213629	0.9998494258
159.0000000000	169.0000000000	19.6859398961	-0.0613543235	0.2975238705	-0.0064123417	0.0007294940	0.0188911386	0.9998007174
160.0000000000	166.0000000000	11.8392802347	-0.0490738017	0.2950245563	-0.0043514011	-0.0055591081	0.0004337466	0.9999749864
160.0000000000	170.0000000000	19.8049469427	0.2725384289	0.5109027627	-0.0071209383	0.0001650636	0.0323337126	0.9994517477
161.0000000000	166.0000000000	10.1744312118	0.0376097594	0.2956978567	-0.0034529840	-0.0069891238	0.0043986337	0.9999599397
161.0000000000	171.0000000000	19.9379950813	0.5900619326	0.5782232333	-0.0059084256	-0.0064821120	0.0452377887	0.9989377434
162.0000000000	168.0000000000	12.9216238632	0.2129843079	0.1622909187	0.0030000608	-0.0025489954	0.0233127328	0.9997204703
162.0000000000	172.0000000000	21.0014766971	0.9773013977	0.2302661522	0.0036130885	-0.0067618953	0.0606314927	0.9981307752
163.0000000000	170.0000000000	13.9702491451	0.5374247973	0.1130743706	-0.0006946312	0.0096650393	0.0414074035	0.9990953565
163.0000000000	173.0000000000	20.2980534614	1.2821916787	0.1897639123	0.0103705010	-0.0017840806	0.0720725721	0.9973438796
164.0000000000	169.0000000000	10.4833677576	0.3696226696	0.1425302493	-0.0006909846	0.0025234380	0.0333761474	0.9994394367
164.0000000000	172.0000000000	16.7694932194	1.0369734612	0.1986362456	0.0024560224	-0.0075506326	0.0627296932	0.9979989687
165.0000000000	170.0000000000	10.5497874182	0.4522655430	0.1584574348	-0.0043979954	0.0057787839	0.0379753311	0.9992522892
165.0000000000	173.0000000000	16.8817049251	1.1547391546	0.2811210547	0.0065103935	-0.0055910670	0.0687314332	0.9975982883
166.0000000000	172.0000000000	12.4719810676	0.7332454155	0.2009091627	0.0030126457	-0.0094026014	0.0534538049	0.9985215099
166.0000000000	175.0000000000	17.9997936013	1.4966658191	0.3365225731	0.0082876058	0.0013556893	0.0798668865	0.9967701631
167.0000000000	171.0000000000	7.1635333020	0.3240051240	0.0294950950	-0.0046304113	0.0052825551	0.0331826551	0.9994246171
167.0000000000	176.0000000000	17.2620701726	1.5282754807	0.1252245440	0.0053435468	0.0082071466	0.0785053679	0.9968655860
168.0000000000	172.0000000000	8.1069339037	0.3871274125	0.0232468603	0.0006145356	-0.0041181088	0.0373564586	0.9992933296
168.0000000000	177.0000000000	17.3827561518	1.5279808748	0.0953437257	0.0063260491	0.0062481222	0.0758052604	0.9970829978
169.0000000000	172.0000000000	6.3162796597	0.2463946568	0.0885590719	0.0027339391	-0.0101901099	0.0293861532	0.9995124518
169.0000000000	177.0000000000	15.6075459304	1.2386786013	0.2768203406	0.0082924553	0.0000518863	0.0679093682	0.9976570303
170.0000000000	174.0000000000	8.2255073020	0.3496297152	0.2632263570	0.0132540047	-0.0061915288	0.0401834659	0.9990852243
170.0000000000	178.0000000000	15.6985884503	1.2290671088	0.4578721139	0.0110183381	-0.0071824161	0.0659409197	0.9977368412
171.0000000000	176.0000000000	10.1545088534	0.5304129182	0.2108132437	0.0098140007	0.0023955999	0.0454477894	0.9989156345
171.0000000000	180.0000000000	17.7008600194	1.4559255010	0.3167456885	0.0071982218	-0.0001040780	0.0676597876	0.9976824785
172.0000000000	176.0000000000	7.4521966939	0.2971118144	0.0039938805	0.0055284104	0.0124808110	0.0327562186	0.9993701497
172.0000000000	181.0000000000	16.9103461786	1.2595083773	-0.0512143844	0.0057103782	0.0068005489	0.0608710966	0.9981061335
173.0000000000	177.0000000000	7.4942217876	0.2990847711	0.0180468430	0.0007326636	0.0070817764	0.0292553792	0.9995466144
173.0000000000	182.0000000000	17.9327041727	1.2880414947	0.0345559955	0.0069060392	0.0049095687	0.0607851753	0.9981149058
174.0000000000	179.0000000000	9.4347466522	0.4115705200	0.0911138784	-0.0043255485	0.0040334469	0.0308297940	0.9995071509
174.0000000000	182.0000000000	16.0863511307	0.9731178493	0.1935885130	0.0033508764	-0.0006534665	0.0515375816	0.9986652203
175.0000000000	179.0000000000	7.5710085576	0.2512737481	0.0849099302	-0.0016741187	0.0022634700	0.0229791114	0.9997319813
175.0000000000	182.0000000000	14.2302119442	0.7076206014	0.2130273490	0.0059272978	-0.0025375133	0.0436934602	0.9990241787
176.0000000000	181.0000000000	9.4994114323	0.3416880687	0.1743318289	-0.0003481171	-0.0055114390	0.0281722470	0.9995878287
176.0000000000	184.0000000000	16.1505761451	0.8609452077	0.3399604205	0.0087955562	-0.0036587247	0.0484206713	0.9987816030
177.0000000000	182.0000000000	10.4771752898	0.3769139056	0.1636950143	0.0058847963	-0.0023185903	0.0316026885	0.9994804968
177.0000000000	186.0000000000	18.0414064943	1.0464159793	0.3002890966	0.0094990984	-0.0016448810	0.0536453100	0.9985135163
178.0000000000	183.0000000000	10.4988132518	0.3569174742	0.1219043967	0.0087141472	0.0010549972	0.0318350136	0.9994545925
178.0000000000	186.0000000000	16.1614021123	0.8305805179	0.2043324191	0.0091193972	0.0003796946	0.0477765249	0.9988163475
179.0000000000	184.0000000000	10.4723855137	0.3624151548	0.2526311188	0.0098448515	-0.0041073519	0.0318094959	0.9994370238
179.0000000000	188.0000000000	18.0073163923	1.0504743406	0.4229109197	0.0057651544	-0.0007606627	0.0517821149	0.9986414757
180.0000000000	184.0000000000	8.5718306536	0.2397920962	0.1745833686	0.0115806045	-0.0018330964	0.0261441770	0.9995894214
180.0000000000	188.0000000000	16.1147697917	0.8423324316	0.3110816323	0.0075661428	0.0015009896	0.0461362413	0.9989053748
181.0000000000	186.0000000000	10.4539981449	0.3476948625	0.1325373940	0.0105229040	0.0012745397	0.0311973997	0.9994570357
181.0000000000	189.0000000000	16.1028271052	0.8162690483	0.1813263274	0.0068306331	0.0079603504	0.0428255739	0.9990274999
182.0000000000	186.0000000000	7.5920001482	0.1916486213	0.0963619284	0.0036905101	0.0006866104	0.0220493817	0.9997498354
182.0000000000	190.0000000000	15.1124106144	0.6932574376	0.1573396293	-0.0003662561	0.0011784638	0.0352606201	0.9993773891
183.0000000000	186.0000000000	5.6811213665	0.1138356027	0.0892797950	0.0003722666	-0.0005482472	0.0159594431	0.9998724204
183.0000000000	191.0000000000	15.0880521019	0.6410620161	0.1906102574	-0.0029002079	0.0011523472	0.0283499626	0.9995931875
184.0000000000	188.0000000000	7.5646265943	0.2101378589	0.0993783357	-0.0038810775	0.0036679424	0.0199704882	0.9997863087
184.0000000000	191.0000000000	13.1995357243	0.4853744599	0.1455944700	-0.0020617937	0.0014762941	0.0233866027	0.9997232799
185.0000000000	188.0000000000	5.6698595984	0.1382355708	0.0693239461	-0.0050664395	0.0037952652	0.0148413352	0.9998698225
185.0000000000	192.0000000000	14.1659861540	0.4515242052	0.1291910750	-0.0032257502	0.0048248473	0.0130816644	0.9998975875
186.0000000000	190.0000000000	7.5351345928	0.1700367313	0.0688409096	-0.0040526051	0.0006301962	0.0132115489	0.9999043125
186.0000000000	192.0000000000	12.2786851536	0.2889787316	0.1051189870	-0.0031875081	0.0049832822	0.0072157008	0.9999564692
187.0000000000	191.0000000000	7.5254763571	0.1266903535	0.0834539549	-0.0026801171	0.0000011583	0.0071157877	0.9999710909
187.0000000000	194.0000000000	14.2057909079	0.1411451361	0.1545630143	-0.0057519201	-0.0014281165	-0.0126670204	0.9999022065
188.0000000000	192.0000000000	8.5009618561	0.0600516517	0.1262747155	0.0018625538	0.0010109408	-0.0017476528	0.9999962273
188.0000000000	196.0000000000	16.1946912337	-0.1540339893	0.2394986875	-0.0040002017	0.0045706768	-0.0336261728	0.9994160234
189.0000000000	192.0000000000	6.6126427941	0.0189592864	0.1402508024	0.0003123066	-0.0019255237	-0.0043493610	0.9999886389
189.0000000000	196.0000000000	14.3043552211	-0.2347876883	0.2992647806	-0.0054468526	0.0016014913	-0.0362488050	0.9993266689
190.0000000000	193.0000000000	6.6499678659	-0.0296884652	0.0561690375	-0.0019894077	0.0004254852	-0.0125839361	0.9999187496
190.0000000000	197.0000000000	15.3434325443	-0.5269541132	0.1314422551	-0.0067131040	0.0015618704	-0.0500492110	0.9987229702
191.0000000000	194.0000000000	6.6798408668	-0.0809976238	0.0709454134	-0.0030820478	-0.0013543524	-0.0197855774	0.9997985785
191.0000000000	198.0000000000	15.4160939989	-0.7215610905	0.1611490480	-0.0063159629	0.0015307150	-0.0558816404	0.9984162498
192.0000000000	196.0000000000	7.6941843162	-0.1867425671	0.1295233060	-0.0058356526	0.0034906836	-0.0318919705	0.9994681898
192.0000000000	200.0000000000	16.5054026656	-1.0134240903	0.2734263658	-0.0077074812	0.0014866895	-0.0622960901	0.9980268442
193.0000000000	197.0000000000	8.7031610958	-0.2786440900	0.0811298113	-0.0047240562	0.0011518963	-0.0374770311	0.9992856591
193.0000000000	202.0000000000	17.6048585680	-1.1496991726	0.1365909677	-0.0078693097	0.0058754722	-0.0629710615	0.9979670326
194.0000000000	198.0000000000	8.7549766793	-0.2948895071	0.0636264967	-0.0033434890	0.0029298846	-0.0361028768	0.9993381906
194.0000000000	202.0000000000	15.7058887553	-0.8907798120	0.0905595866	-0.0076814954	0.0064576503	-0.0549651961	0.9984378401
195.0000000000	198.0000000000	6.8295206865	-0.1772655441	0.0649480977	-0.0023203017	0.0009324019	-0.0278068833	0.9996101861
195.0000000000	202.0000000000	13.7892094106	-0.6577148376	0.1187401873	-0.0066504775	0.0044442192	-0.0466812407	0.9988778113
196.0000000000	200.0000000000	8.8448565543	-0.2652940447	0.1991952456	-0.0017091974	-0.0018801565	-0.0304521452	0.9995329962
196.0000000000	203.0000000000	13.8518138178	-0.5925122446	0.2929216468	-0.0048245456	-0.0015683839	-0.0423170322	0.9990913535
197.0000000000	200.0000000000	5.9348267173	-0.0986037288	0.0517780335	-0.0005305507	0.0044869487	-0.0181788048	0.9998245430
197.0000000000	203.0000000000	10.9490909559	-0.3030380145	0.0811483389	-0.0037253606	0.0047736806	-0.0300277679	0.9995307233
198.0000000000	202.0000000000	6.9755296884	-0.0930793649	0.0654603268	-0.0044102390	0.0034345182	-0.0188832557	0.9998060695
198.0000000000	205.0000000000	13.0434364722	-0.3688681449	0.1013869460	-0.0061395968	0.0058415750	-0.0308632908	0.9994876881
199.0000000000	202.0000000000	5.0018722610	-0.0245921135	0.0570665005	-0.0047525062	0.0017747363	-0.0128125286	0.9999050470
199.0000000000	205.0000000000	11.0725384277	-0.2265479391	0.1129048034	-0.0064768670	0.0041675269	-0.0247979225	0.9996628156
200.0000000000	203.0000000000	5.0179201884	-0.0220829964	0.0742715096	-0.0031464504	0.0002362052	-0.0118664091	0.9999246134
200.0000000000	207.0000000000	13.1434820295	-0.3081935590	0.1735287758	-0.0032193679	0.0035465669	-0.0250776222	0.9996740321
201.0000000000	203.0000000000	4.0154914909	-0.0090166381	0.0624453694	-0.0022417677	-0.0001203380	-0.0092998137	0.9999542357
201.0000000000	206.0000000000	10.1038260934	-0.1597883225	0.1433279290	-0.0045816236	0.0009940532	-0.0206108484	0.9997765818
202.0000000000	205.0000000000	6.0736181481	-0.0469709548	0.0762114393	-0.0017347354	0.0024278583	-0.0119790502	0.9999237964
202.0000000000	209.0000000000	13.1925910150	-0.2723673123	0.1363148414	0.0035130833	0.0091128331	-0.0184626943	0.9997818479
203.0000000000	207.0000000000	8.1300202820	-0.0938365520	0.1019021819	-0.0001098582	0.0033508715	-0.0132027902	0.9999072187
203.0000000000	211.0000000000	15.2157370931	-0.2912187790	0.1392777333	0.0077779122	0.0022727555	-0.0161703035	0.9998364166
204.0000000000	207.0000000000	7.1124076797	-0.0718251194	0.0927177467	-0.0001175016	0.0029945047	-0.0114724690	0.9999296983
204.0000000000	211.0000000000	14.1987370373	-0.2446816712	0.1351439652	0.0077731796	0.0019300468	-0.0144372847	0.9998636994
205.0000000000	209.0000000000	7.1219602797	-0.0550573910	0.0941935658	0.0051828332	0.0067589206	-0.0064605120	0.9999428569
205.0000000000	213.0000000000	15.2315285457	-0.1987326012	0.1843037767	0.0149031565	0.0058896311	-0.0100674014	0.9998209118
206.0000000000	210.0000000000	7.1047012380	-0.0262843348	0.0545928081	0.0074802201	0.0017105358	-0.0039127353	0.9999629048
206.0000000000	214.0000000000	15.2286571938	-0.1269633660	0.1200681383	0.0164151443	0.0051857454	-0.0061947222	0.9998326242
207.0000000000	211.0000000000	7.0880494232	-0.0102439521	0.0848543638	0.0079112072	-0.0009733091	-0.0029418648	0.9999639048
207.0000000000	216.0000000000	16.2390357043	-0.0906884867	0.1801606198	0.0174544550	0.0050827905	-0.0044688023	0.9998247532
208.0000000000	211.0000000000	6.0656109143	-0.0074684884	0.1173500920	0.0056950419	-0.0049685450	-0.0028720654	0.9999673151
208.0000000000	216.0000000000	15.2155480508	-0.0866643266	0.2860158010	0.0152443746	0.0010849860	-0.0043744143	0.9998736402
209.0000000000	214.0000000000	10.1299291244	-0.0522363051	0.2434495268	0.0103061001	-0.0028491124	-0.0034942848	0.9999367264
209.0000000000	218.0000000000	16.2117125407	-0.0929926798	0.3632115265	0.0140377352	-0.0017415575	-0.0044870425	0.9998898816
210.0000000000	214.0000000000	8.1242207773	-0.0359071448	0.0942921787	0.0089258714	0.0034931938	-0.0022931245	0.9999514328
210.0000000000	219.0000000000	16.2461463824	-0.0744697155	0.1455268561	0.0145116123	0.0061967980	-0.0031123570	0.9998706547
211.0000000000	215.0000000000	7.1084803589	-0.0210631499	0.0629499884	0.0067184345	0.0041013766	-0.0012384877	0.9999682532
211.0000000000	219.0000000000	14.2221780266	-0.0428615237	0.1011884406	0.0118604098	0.0066282114	-0.0022077981	0.9999052571
212.0000000000	216.0000000000	7.1077451488	-0.0044027284	0.1078887728	0.0057883585	0.0020334349	-0.0006689704	0.9999809561
212.0000000000	220.0000000000	13.1972335825	-0.0167333534	0.1844254613	0.0096228646	0.0032309006	-0.0010193735	0.9999479600
213.0000000000	219.0000000000	10.1422308704	0.0012360050	0.1807574725	0.0061472917	0.0006877775	-0.0007489486	0.9999805882
213.0000000000	222.0000000000	16.1597879125	-0.0326923431	0.2516794241	0.0191132706	0.0051939390	0.0022425203	0.9998013188
214.0000000000	219.0000000000	8.1214584425	0.0001135502	0.1083213220	0.0055828523	0.0027092513	-0.0008239977	0.9999804062
214.0000000000	222.0000000000	14.1392503283	-0.0344971558	0.1549433064	0.0185552340	0.0072159173	0.0021387180	0.9997995098
215.0000000000	220.0000000000	8.1322862029	-0.0066725629	0.1095015310	0.0066395986	0.0031692620	-0.0007015090	0.9999726893
215.0000000000	223.0000000000	15.0865193553	-0.0259807705	0.1518683349	0.0200416590	0.0082367160	0.0034489170	0.9997592677
216.0000000000	220.0000000000	6.0891381277	-0.0031559163	0.1013908296	0.0038345359	0.0011980474	-0.0003495525	0.9999918694
216.0000000000	223.0000000000	13.0431589688	-0.0173138918	0.1712738368	0.0172271706	0.0062821961	0.0038129812	0.9998245945
217.0000000000	221.0000000000	7.0939722982	-0.0215834419	0.0959586956	0.0101814140	0.0034493725	0.0007882557	0.9999419080
217.0000000000	224.0000000000	13.9378431569	0.0028484513	0.1443630824	0.0187378915	0.0076626413	0.0059429395	0.9997774036
218.0000000000	222.0000000000	8.0566374686	-0.0214285003	0.0875657591	0.0148209511	0.0061327230	0.0031471238	0.9998664034
218.0000000000	225.0000000000	13.7776754737	0.0523777563	0.1059487653	0.0166861538	0.0115230894	0.0076325746	0.9997652397
219.0000000000	223.0000000000	7.9729881949	-0.0065400111	0.0955640937	0.0148828093	0.0057473989	0.0044221482	0.9998629476
219.0000000000	228.0000000000	18.5313082773	0.2215935967	0.0437486686	-0.0022680839	0.0171802417	0.0049061920	0.9998377990
220.0000000000	224.0000000000	8.8585802404	0.0078069182	0.1003397431	0.0143879108	0.0057551178	0.0060226583	0.9998617876
220.0000000000	229.0000000000	19.0534534285	0.2335741667	0.0286318308	-0.0034040557	0.0164043346	0.0038391213	0.9998522748
221.0000000000	225.0000000000	8.7041603744	0.0479277695	0.1118931114	0.0074801620	0.0078067783	0.0062776576	0.9999218431
221.0000000000	231.0000000000	20.0106287780	0.2313921909	0.0200618092	-0.0117964544	0.0165079262	-0.0062292259	0.9997747390
222.0000000000	226.0000000000	8.4087405086	0.0961239475	0.0973397067	-0.0056866678	0.0133015314	0.0037980588	0.9998881467
222.0000000000	233.0000000000	19.8412421384	0.1105732914	0.0433760604	-0.0230210651	0.0074060986	-0.0245616762	0.9994057756
223.0000000000	226.0000000000	6.4534522435	0.0713149596	0.0794250504	-0.0075906593	0.0120908831	0.0023230946	0.9998953924
223.0000000000	233.0000000000	17.8860385251	0.0526293751	0.0535043711	-0.0248978036	0.0061666523	-0.0260457838	0.9993316211
224.0000000000	229.0000000000	10.1970298602	0.1024971802	0.0409473300	-0.0177126705	0.0107235417	-0.0024387848	0.9997826360
224.0000000000	233.0000000000	15.9815051033	-0.0080518650	0.0420018036	-0.0258630725	0.0055164612	-0.0279272885	0.9992600946
225.0000000000	230.0000000000	9.8533088705	0.0599736670	0.0775193070	-0.0174082773	0.0074511111	-0.0063432493	0.9998005781
225.0000000000	234.0000000000	16.3049289201	-0.2186254782	0.1184628480	-0.0269108536	0.0087447617	-0.0468731254	0.9984999976
226.0000000000	230.0000000000	7.1636563406	0.0350880169	0.1513544133	-0.0098595850	-0.0003949743	-0.0057503750	0.9999347808
226.0000000000	233.0000000000	11.4296626385	-0.0735115611	0.2498343272	-0.0169803762	-0.0056612467	-0.0286188228	0.9994301277
227.0000000000	232.0000000000	8.3361389765	-0.0312486982	0.1985420309	-0.0083072693	-0.0028596454	-0.0183221363	0.9997935342
227.0000000000	234.0000000000	11.9216907138	-0.2440462838	0.2773178358	-0.0132110131	0.0003859963	-0.0453886437	0.9988819706
228.0000000000	233.0000000000	7.3244870973	-0.0879258419	0.1551558456	-0.0075023135	-0.0048906931	-0.0264366894	0.9996103730
228.0000000000	235.0000000000	10.9560098559	-0.4018776459	0.2083724894	-0.0077472609	0.0051348662	-0.0554182173	0.9984199689
229.0000000000	233.0000000000	5.7836347374	-0.0845035709	0.1216738820	-0.0078718641	-0.0047687548	-0.0256638742	0.9996282601
229.0000000000	236.0000000000	10.8789895864	-0.5778473171	0.1942226568	-0.0049829961	0.0025890754	-0.0641578449	0.9979239637
230.0000000000	233.0000000000	4.2670621960	-0.0614204195	0.0934311512	-0.0071040542	-0.0050816048	-0.0229189686	0.9996991700
230.0000000000	238.0000000000	13.1278815633	-1.0898550123	0.1993307369	0.0063765400	0.0164897895	-0.0752967981	0.9970044226
231.0000000000	234.0000000000	5.0007006335	-0.1357130164	0.1151383012	-0.0075117516	0.0005801110	-0.0342251962	0.9993857478
231.0000000000	239.0000000000	14.0314246990	-1.2827391979	0.1504398686	0.0080646533	0.0238843765	-0.0774277910	0.9966792037
232.0000000000	234.0000000000	3.5913440076	-0.0823932843	0.0557951416	-0.0050471743	0.0033773682	-0.0270366267	0.9996159964
232.0000000000	240.0000000000	15.0221239604	-1.4739840900	-0.0662339655	0.0154047436	0.0307160494	-0.0798066071	0.9962179097
233.0000000000	237.0000000000	6.5913165475	-0.3782182374	0.0276527556	0.0085486092	0.0048369513	-0.0451290825	0.9989328762
233.0000000000	241.0000000000	15.2308069728	-1.4592905078	-0.2878149684	0.0219433818	0.0376421587	-0.0761711260	0.9961423169
234.0000000000	238.0000000000	6.7244482546	-0.3474310889	0.0852407558	0.0150505038	0.0154866604	-0.0346100427	0.9991675488
234.0000000000	244.0000000000	18.4275275120	-1.7464635444	-0.3674593835	0.0255693609	0.0321582383	-0.0880576739	0.9952677537
235.0000000000	239.0000000000	7.6423686355	-0.3215852927	0.0604221297	0.0128959407	0.0210597817	-0.0317893016	0.9991894818
235.0000000000	245.0000000000	18.4531049958	-1.5861638571	-0.3362396268	0.0259133324	0.0291054463	-0.0873782436	0.9954126856
236.0000000000	241.0000000000	10.1843590265	-0.4467177826	-0.1448341160	0.0185739848	0.0305725075	-0.0377060802	0.9986483768
236.0000000000	247.0000000000	19.8225292439	-1.7525069272	-0.5472401102	0.0141989765	0.0195535271	-0.1063801159	0.9940318504
237.0000000000	241.0000000000	8.7045703061	-0.3020957787	-0.2196537160	0.0120740118	0.0331228209	-0.0313505080	0.9988865014
237.0000000000	248.0000000000	19.7259007391	-1.8184498057	-0.6990514549	0.0103679601	0.0175452986	-0.1200491932	0.9925587434
238.0000000000	244.0000000000	11.7800178806	-0.5933057328	-0.0587067202	0.0108195233	0.0162777332	-0.0536261325	0.9983697768
238.0000000000	250.0000000000	20.8978980817	-2.6094803075	0.0061345998	0.0209474341	-0.0080128113	-0.1615999132	0.9866014737
239.0000000000	244.0000000000	9.4178572897	-0.4149735714	0.0770699008	0.0115722928	0.0078812801	-0.0449175162	0.9988925789
239.0000000000	250.0000000000	18.5667231033	-2.2738122444	0.2959686313	0.0228242575	-0.0161726576	-0.1529090643	0.9878442774
240.0000000000	245.0000000000	8.4686572068	-0.3801304598	0.1264584200	0.0089785920	0.0035702711	-0.0459871650	0.9988952992
240.0000000000	251.0000000000	17.6460179244	-2.4048116188	0.4806455726	0.0225855812	-0.0126292354	-0.1572768431	0.9872154722
241.0000000000	245.0000000000	6.8642795732	-0.2799758203	0.1413816196	0.0047760853	0.0003342058	-0.0402885204	0.9991766172
241.0000000000	251.0000000000	16.0616589703	-2.1966940158	0.5694357625	0.0188694505	-0.0162330390	-0.1515291217	0.9881393412
242.0000000000	246.0000000000	6.7283535761	-0.3107458307	0.1468136155	0.0022755860	-0.0054776573	-0.0459614014	0.9989256061
242.0000000000	252.0000000000	15.9838431805	-2.4569916194	0.5921990136	0.0185627815	-0.0108746633	-0.1543113414	0.9877880212
243.0000000000	248.0000000000	7.9990597883	-0.5488457158	0.2206105013	0.0019583037	-0.0163876506	-0.0744480287	0.9970883115
243.0000000000	253.0000000000	16.6646856235	-2.8931331582	0.6292574551	0.0143908075	-0.0059263025	-0.1581441049	0.9872933838
244.0000000000	250.0000000000	9.2735993213	-1.0232870353	0.3976407958	0.0132988973	-0.0246845058	-0.1080011797	0.9937552816
244.0000000000	253.0000000000	14.4618079184	-2.3961336346	0.6075546033	0.0123790782	-0.0066035314	-0.1428396728	0.9896463912
245.0000000000	250.0000000000	7.8262795656	-0.8245110140	0.3684842924	0.0110780370	-0.0247358847	-0.0974304795	0.9948732154
246.0000000000	252.0000000000	9.4177421799	-1.2852588827	0.3508061297	0.0159495980	-0.0049501875	-0.1088223452	0.9939209240
246.0000000000	259.0000000000	23.2743859450	-4.6410447772	1.1706337632	-0.0124872274	-0.0402663469	-0.1168562093	0.9922536555
247.0000000000	253.0000000000	10.2847147317	-1.4424577638	0.2092838306	0.0143965914	0.0072400388	-0.1043312047	0.9944120473
247.0000000000	259.0000000000	21.9943076453	-3.9144454776	0.8253430028	-0.0086526111	-0.0335358588	-0.1006633061	0.9943175435
248.0000000000	253.0000000000	8.9263381627	-1.0297245600	0.1261443210	0.0102650764	0.0110320512	-0.0844058284	0.9963175087
248.0000000000	259.0000000000	20.7302423666	-3.0248887854	0.6665222919	-0.0119450070	-0.0301854439	-0.0805040659	0.9962255022
250.0000000000	253.0000000000	5.3661372618	-0.2234071624	-0.0308921974	-0.0036721849	0.0173039866	-0.0352824524	0.9992208143
250.0000000000	259.0000000000	17.3152836032	-1.0312195515	0.3816829941	-0.0237883344	-0.0249066247	-0.0307079872	0.9989348301
251.0000000000	259.0000000000	15.7935729413	-0.5327054479	0.6401128991	-0.0257762791	-0.0336722575	-0.0165291512	0.9989637379
251.0000000000	260.0000000000	17.8353210984	-0.5862214717	0.8287354114	-0.0251942824	-0.0408163650	-0.0168250845	0.9987072589
252.0000000000	259.0000000000	14.2594476961	-0.2524144935	0.7377041779	-0.0244339799	-0.0383324286	-0.0074623818	0.9989383957
252.0000000000	261.0000000000	17.6037945787	-0.2584862958	1.0848433742	-0.0287573660	-0.0481220165	-0.0124201855	0.9983501512
253.0000000000	259.0000000000	11.9551433167	0.0317018810	0.8236824641	-0.0186913923	-0.0428993250	0.0040577269	0.9988962982
253.0000000000	261.0000000000	15.2956132861	0.1009727583	1.2000665037	-0.0228801269	-0.0527105655	-0.0009767718	0.9983472051
259.0000000000	263.0000000000	5.9417391395	-0.0897863537	0.1880469747	-0.0037795060	-0.0109281331	-0.0381129280	0.9992065332
259.0000000000	268.0000000000	12.1753041905	-1.3708528137	0.5002043683	0.0120482084	-0.0318298212	-0.1406396063	0.9894757219
260.0000000000	263.0000000000	3.8928900292	-0.0937643035	0.0831822606	-0.0047279421	-0.0038333430	-0.0375743422	0.9992752978
260.0000000000	270.0000000000	12.4837205658	-2.1225435459	0.4676737211	0.0170184082	-0.0230619833	-0.1493362322	0.9883709873
261.0000000000	264.0000000000	3.7718301780	-0.2170408330	0.0773119268	0.0031825256	-0.0014931575	-0.0507927469	0.9987030284
261.0000000000	271.0000000000	12.2337384299	-2.3196830161	0.4176082519	0.0210303483	-0.0222928945	-0.1273339825	0.9913863062
262.0000000000	266.0000000000	5.0335345320	-0.4774473435	0.0874082449	0.0074642605	-0.0006649411	-0.0814449537	0.9966496687
262.0000000000	272.0000000000	12.3374135151	-2.2045177297	0.4295399444	0.0213020297	-0.0156193813	-0.0844616562	0.9960765468
263.0000000000	266.0000000000	3.7744859558	-0.2928432236	0.0700062323	0.0044311254	-0.0008995777	-0.0630107795	0.9980026040
263.0000000000	272.0000000000	11.1370695939	-1.7467125939	0.4236970976	0.0185449406	-0.0156048593	-0.0659900024	0.9975258859
264.0000000000	268.0000000000	5.1483948987	-0.5809440213	0.1389398545	0.0129638156	-0.0196819431	-0.0853853983	0.9960692217
264.0000000000	275.0000000000	14.1397319092	-0.9529040135	0.5875781847	0.0140564362	-0.0212806378	0.0958362897	0.9950703275
265.0000000000	268.0000000000	4.0459016398	-0.4070151800	0.1228988580	0.0134942951	-0.0202345916	-0.0675532213	0.9974191835
265.0000000000	275.0000000000	13.0440535612	-0.4573620447	0.5858922147	0.0144701463	-0.0218330746	0.1136222188	0.9931786965
266.0000000000	270.0000000000	5.0450598781	-0.4552789125	0.2297856591	0.0185554994	-0.0160946089	-0.0493940954	0.9984772808
266.0000000000	276.0000000000	13.2012444452	0.9030660609	0.6197220163	0.0139711993	-0.0207596224	0.1894374540	0.9815738865
267.0000000000	271.0000000000	4.9155584760	-0.2277517029	0.1013826718	0.0113472998	-0.0054136030	-0.0096244486	0.9998746430
267.0000000000	276.0000000000	11.9366849697	1.5067602840	0.2361851038	0.0103498022	-0.0063073710	0.2109216181	0.9774278335
268.0000000000	273.0000000000	5.9961097750	0.2178241075	0.0716843233	0.0081303331	0.0059727584	0.0720913619	0.9973470105
268.0000000000	277.0000000000	12.2856143105	2.9754193415	0.1121430319	0.0081547515	-0.0000287065	0.2662508636	0.9638692737
269.0000000000	273.0000000000	4.6672570221	0.3307465512	0.0981425147	0.0120149929	0.0011968583	0.0832650562	0.9964542829
269.0000000000	278.0000000000	11.8327233239	3.8595365370	0.2459809907	0.0148603797	-0.0047541312	0.2950090818	0.9553670546
270.0000000000	275.0000000000	6.4346627302	1.3621072288	0.0546438032	-0.0016690880	-0.0005673557	0.1896826261	0.9818438744
270.0000000000	280.0000000000	12.6466620770	5.3446464238	0.1157966380	0.0070217610	-0.0010738611	0.3252509068	0.9456010730
271.0000000000	275.0000000000	5.4048622078	1.1240302361	0.0154880816	-0.0011258173	0.0016917255	0.1720296001	0.9850896849
271.0000000000	278.0000000000	9.7514501608	3.4659633668	0.0285461192	0.0062516214	0.0021392470	0.2761036321	0.9611051582
272.0000000000	275.0000000000	4.0877967361	0.7995091527	0.0465122724	0.0006130395	-0.0039890112	0.1438612169	0.9895896434
272.0000000000	281.0000000000	11.7410104371	4.9367885088	0.1930381345	0.0078542239	-0.0039135093	0.2927697701	0.9561426971
273.0000000000	277.0000000000	6.6200555722	1.8254355352	0.0804069939	-0.0012957563	-0.0042087397	0.1961067956	0.9805726553
273.0000000000	282.0000000000	12.1641121110	4.8381657908	0.1728688866	0.0019728155	-0.0012788640	0.2668704962	0.9637295319
274.0000000000	277.0000000000	5.5068871011	1.1895111135	0.0352813517	0.0055241081	-0.0002642824	0.1518947360	0.9883812036
274.0000000000	283.0000000000	12.6021311669	4.3470168279	0.1141434920	0.0079579271	0.0022316470	0.2280599824	0.9736120046
275.0000000000	278.0000000000	4.8829893977	0.7300890130	0.0324196046	0.0071413806	-0.0009048653	0.1066613057	0.9942693537
275.0000000000	282.0000000000	9.8402461920	2.2351376453	0.0896572221	0.0069388547	0.0011700997	0.1601575965	0.9870663744
276.0000000000	282.0000000000	8.2626170386	1.2623551626	0.0670342590	0.0056573445	0.0015713165	0.1113615727	0.9937626103
276.0000000000	284.0000000000	11.9048580915	2.1641793057	0.0821684164	0.0041895169	0.0015511469	0.1210840620	0.9926322037
277.0000000000	282.0000000000	6.2768679574	0.6484543380	0.0465627891	0.0040556401	0.0020693640	0.0726820157	0.9973447719
277.0000000000	285.0000000000	11.5695674761	1.5374752751	0.0639354007	0.0036609061	0.0008554900	0.0852135541	0.9963556173
278.0000000000	280.0000000000	2.4499598682	0.1356001640	0.0200343902	0.0012056214	-0.0013851010	0.0335759871	0.9994344806
278.0000000000	286.0000000000	12.1214518630	1.3438606260	0.0503530277	0.0005219639	-0.0001321785	0.0693671508	0.9975910527
279.0000000000	283.0000000000	5.4349847318	0.3611686520	0.0202885073	-0.0034161388	0.0036065912	0.0407157493	0.9991584210
279.0000000000	287.0000000000	12.6661519001	1.0829931683	0.0387398566	0.0008966340	-0.0000096508	0.0535539356	0.9985645557
280.0000000000	282.0000000000	2.7268801903	0.1015935851	0.0061592790	-0.0009268350	0.0039028899	0.0203826989	0.9997842037
280.0000000000	288.0000000000	13.1736338158	0.8254647111	0.0219525312	0.0026698356	-0.0006483734	0.0399705151	0.9991970824
281.0000000000	284.0000000000	5.1482492855	0.1633802790	0.0090173449	-0.0019412614	0.0025376489	0.0178867754	0.9998349139
281.0000000000	290.0000000000	15.4987372548	0.7171594921	0.1061329255	0.0023485679	-0.0030621310	0.0286629960	0.9995816826
282.0000000000	286.0000000000	7.0164823350	0.1690007784	0.0504560143	0.0002239255	-0.0026061055	0.0154538484	0.9998771608
282.0000000000	292.0000000000	17.9304921469	0.6241807061	0.2354511854	0.0062030506	-0.0050923918	0.0218720526	0.9997285647
283.0000000000	287.0000000000	7.2655792762	0.1307656444	0.0736940747	0.0041135734	-0.0038305093	0.0128547691	0.9999015755
283.0000000000	292.0000000000	16.4774346007	0.4417751302	0.2439890205	0.0073083891	-0.0056959725	0.0170343243	0.9998119699
284.0000000000	288.0000000000	6.7187138682	0.0922055167	0.0802623125	0.0048461227	-0.0049017180	0.0098147751	0.9999280766
284.0000000000	293.0000000000	17.1795745782	0.3533842493	0.2716578508	0.0096109826	-0.0049592928	0.0133338761	0.9998526102
285.0000000000	290.0000000000	8.7496621858	0.1268238282	0.1124767572	0.0032074746	-0.0043545113	0.0079918674	0.9999534391
285.0000000000	293.0000000000	15.5673467935	0.2596800354	0.2144250148	0.0086628548	-0.0036307927	0.0105389013	0.9999003470
286.0000000000	291.0000000000	8.9905899609	0.0947541562	0.1021218300	0.0035408265	-0.0019150550	0.0056079251	0.9999761729
286.0000000000	293.0000000000	13.9172458638	0.1648767323	0.1613806582	0.0079557462	-0.0021608003	0.0076505067	0.9999367514
287.0000000000	291.0000000000	7.2846428039	0.0606918766	0.0750272554	0.0007719000	-0.0012240275	0.0033787516	0.9999932450
287.0000000000	294.0000000000	14.2650453022	0.1407418984	0.1506242707	0.0043976343	-0.0021798939	0.0060884537	0.9999694193
288.0000000000	292.0000000000	7.4713879531	0.0346329944	0.0665234786	0.0027781886	-0.0004998092	0.0022561082	0.9999934709
288.0000000000	296.0000000000	15.6671977037	0.1355110102	0.1320789557	0.0014362355	0.0005312090	0.0037816161	0.9999916772
289.0000000000	292.0000000000	5.6748823698	0.0264036202	0.0127242160	0.0026596524	0.0023309879	0.0017226606	0.9999922626
289.0000000000	296.0000000000	13.8710364629	0.1186773706	0.0318327711	0.0013225670	0.0033628918	0.0032518354	0.9999881836
290.0000000000	293.0000000000	6.8195690208	0.0243275484	0.0420596566	0.0054721698	0.0006880235	0.0025212627	0.9999816124
290.0000000000	298.0000000000	16.3288689817	0.1260446949	0.1156677371	-0.0062040396	-0.0024683994	-0.0094128221	0.9999334056
291.0000000000	294.0000000000	6.9809476348	0.0329801097	0.0584208684	0.0036258164	-0.0009660471	0.0027060649	0.9999892987
291.0000000000	298.0000000000	14.4365654087	0.1077665580	0.1315814157	-0.0072488528	-0.0034265511	-0.0099066648	0.9999187821
292.0000000000	295.0000000000	7.1472170903	0.0459017527	0.0545573801	0.0011650091	0.0006482972	0.0019716710	0.9999971675
292.0000000000	299.0000000000	15.7799368754	-0.0276653615	0.1546029184	-0.0148198598	-0.0021424322	-0.0332466882	0.9993349986
293.0000000000	298.0000000000	9.5095860424	0.0546312019	0.0858373613	-0.0116754782	-0.0031922011	-0.0119245030	0.9998556392
293.0000000000	299.0000000000	12.7856480610	-0.0678549350	0.1476565101	-0.0168124097	-0.0026015399	-0.0344858394	0.9992603774
294.0000000000	298.0000000000	7.4560414195	0.0349129837	0.0583556939	-0.0108931407	-0.0024768475	-0.0125929829	0.9998583007
294.0000000000	300.0000000000	12.9149404934	-0.2676394176	0.1419974461	-0.0184350464	0.0006258715	-0.0526740866	0.9984413843
295.0000000000	298.0000000000	5.3563801023	0.0200272759	0.0482680509	-0.0108351327	-0.0034133270	-0.0126624466	0.9998552953
295.0000000000	301.0000000000	12.9984169046	-0.5474377974	0.1831567872	-0.0200431350	-0.0030470155	-0.0718009725	0.9972129205
296.0000000000	299.0000000000	7.5831580338	-0.1152883142	0.1131644236	-0.0134506116	-0.0031129238	-0.0347871454	0.9992993772
296.0000000000	303.0000000000	16.3208813560	-1.3687045551	0.2822850445	-0.0184266843	-0.0034023436	-0.1172417965	0.9929266048
297.0000000000	299.0000000000	5.4393456627	-0.0870213881	0.0698598888	-0.0106969773	-0.0011185953	-0.0312905021	0.9994524641
297.0000000000	303.0000000000	14.1861699922	-1.2804061465	0.1981025289	-0.0158502268	-0.0012058539	-0.1137575226	0.9933813680
298.0000000000	301.0000000000	7.6546983813	-0.3759869022	0.0724443385	-0.0094418012	0.0008814219	-0.0591280363	0.9982053650
298.0000000000	303.0000000000	12.0451351403	-1.0869975904	0.1227535508	-0.0105589621	0.0011030385	-0.1050484721	0.9944104334
299.0000000000	303.0000000000	8.8046599308	-0.6462106623	0.0889071564	-0.0053049011	0.0006268957	-0.0826070046	0.9965678842
299.0000000000	305.0000000000	14.2109567052	-1.9031544057	0.1927195162	-0.0144222264	-0.0077811867	-0.1543458262	0.9878809738
300.0000000000	303.0000000000	6.6319923973	-0.3924713894	0.1066641791	-0.0025812611	-0.0019335382	-0.0651713415	0.9978688765
300.0000000000	305.0000000000	12.0783417166	-1.4600996301	0.2337606397	-0.0113793059	-0.0102956468	-0.1370963227	0.9904388469
301.0000000000	303.0000000000	4.4436383827	-0.1886771527	0.0496000880	-0.0011236140	0.0005920816	-0.0460612889	0.9989378082
301.0000000000	305.0000000000	9.9274147557	-1.0474700421	0.1465669790	-0.0099499077	-0.0078412063	-0.1181064405	0.9929201295
302.0000000000	304.0000000000	5.5256618835	-0.3229405917	0.0723021333	-0.0069372554	-0.0067298249	-0.0656694459	0.9977946221
302.0000000000	308.0000000000	15.2325549476	-2.8971956333	0.4498417865	-0.0062175398	-0.0171763099	-0.1834180566	0.9828652670
303.0000000000	305.0000000000	5.5394319933	-0.3507349216	0.1021399376	-0.0083925705	-0.0087463786	-0.0722605176	0.9973121293
303.0000000000	307.0000000000	10.9799623471	-1.5459801309	0.3199932596	-0.0041172717	-0.0149434295	-0.1376967707	0.9903531397
304.0000000000	306.0000000000	4.4619689721	-0.2701037907	0.0830353864	-0.0003401708	-0.0056951952	-0.0601754370	0.9981715112
304.0000000000	310.0000000000	15.4024990897	-2.8739492120	0.3708710379	0.0089033652	-0.0105141319	-0.1525667212	0.9881971356
305.0000000000	307.0000000000	5.5590428737	-0.4010060986	0.1079562793	0.0040808762	-0.0053831382	-0.0658526483	0.9978064928
305.0000000000	312.0000000000	17.7267006140	-3.1101198126	0.3748173920	0.0098877764	-0.0104594143	-0.1296493933	0.9914554288
306.0000000000	308.0000000000	5.5859378564	-0.3451800660	0.0712707835	0.0007510908	-0.0039164482	-0.0585877769	0.9982742958
306.0000000000	313.0000000000	17.9592406376	-2.6151926644	0.2846571189	0.0091893681	-0.0075773134	-0.1039051342	0.9945158938
307.0000000000	311.0000000000	10.1427877705	-0.8082208991	0.1158413766	0.0057184574	-0.0026532866	-0.0601320152	0.9981705265
307.0000000000	316.0000000000	23.1639379899	-2.5373084500	0.3076896000	0.0055125597	-0.0059003396	-0.0703787318	0.9974876600
308.0000000000	311.0000000000	7.9294222395	-0.4183191346	0.0617408509	0.0074064544	-0.0002131218	-0.0384563158	0.9992328111
308.0000000000	315.0000000000	18.5544366136	-1.3479013402	0.1563142257	0.0065069121	-0.0036337880	-0.0488234404	0.9987796190
309.0000000000	311.0000000000	5.6782221061	-0.1432692813	0.0595806361	0.0054621363	-0.0018273850	-0.0187903072	0.9998068564
309.0000000000	315.0000000000	16.3311788407	-0.6539742113	0.1928886358	0.0046483870	-0.0052851747	-0.0291589333	0.9995500068
310.0000000000	311.0000000000	2.2734553709	0.0033736942	0.0175365939	-0.0006920479	-0.0003541187	-0.0040393491	0.9999915396
310.0000000000	316.0000000000	15.4070104221	-0.2540505398	0.1602150665	-0.0007353163	-0.0036749450	-0.0142866724	0.9998909166
311.0000000000	314.0000000000	8.2375883314	-0.0643148243	0.0761353485	-0.0000603356	-0.0001081024	-0.0102376149	0.9999475866
311.0000000000	318.0000000000	18.1743364922	-0.2279249304	0.1949431042	-0.0027367388	-0.0027131859	-0.0131775983	0.9999057455
312.0000000000	314.0000000000	5.9437423417	-0.0166570794	0.0250505045	-0.0003068466	0.0022267074	-0.0062888812	0.9999776985
312.0000000000	317.0000000000	13.3392333708	-0.0731770569	0.0765717737	-0.0027911922	-0.0016424355	-0.0070760098	0.9999697204
313.0000000000	314.0000000000	3.5958380149	0.0170718471	-0.0027472738	-0.0012625430	0.0028843292	-0.0032195228	0.9999898606
313.0000000000	318.0000000000	13.5344362236	-0.0068464933	0.0565497559	-0.0039293691	0.0002569670	-0.0061486145	0.9999733439
314.0000000000	315.0000000000	2.4278375277	0.0052319579	0.0210709450	-0.0006707767	-0.0034284558	-0.0001136540	0.9999938914
314.0000000000	319.0000000000	12.4958929975	0.0241271963	0.1544696236	-0.0023276004	-0.0031069032	-0.0052033642	0.9999789270
315.0000000000	316.0000000000	2.4708308901	0.0083913406	0.0178970258	0.0007307005	0.0002230980	0.0000987388	0.9999997033
315.0000000000	319.0000000000	10.0687270878	0.0210518652	0.0643887055	-0.0016743105	0.0003247263	-0.0050837828	0.9999856231
316.0000000000	317.0000000000	2.4969560369	0.0234249829	0.0125408534	-0.0025202956	-0.0006791395	-0.0007732048	0.9999962945
317.0000000000	319.0000000000	5.1009826435	-0.0044765100	0.0303540637	0.0001128343	0.0007884139	-0.0044080390	0.9999899674
318.0000000000	319.0000000000	2.5580631750	-0.0008488329	0.0243155120	0.0003177211	-0.0004678035	-0.0022653498	0.9999972742
319.0000000000	328.0000000000	21.6976523041	-0.4752492206	0.0716217550	-0.0026165519	0.0014134803	-0.0264003317	0.9996470268
319.0000000000	330.0000000000	25.9928973239	-0.7033955839	0.0883370347	-0.0021255778	0.0014478407	-0.0292718454	0.9995681791
320.0000000000	328.0000000000	19.1039061533	-0.3549160571	0.0825163235	-0.0024146850	0.0007660776	-0.0230989370	0.9997299743
320.0000000000	330.0000000000	23.4005412549	-0.5546808303	0.1046844843	-0.0019219926	0.0008026550	-0.0259703711	0.9996605431
366.0000000000	368.0000000000	3.7646037159	0.0107446902	0.0876375245	0.0007105718	-0.0028626990	-0.0007508836	0.9999953681
366.0000000000	371.0000000000	8.3760301555	0.0344419553	0.1965123368	0.0008506356	0.0004905548	0.0018223029	0.9999978575
367.0000000000	368.0000000000	2.4737752410	0.0079432253	0.0611653605	0.0002928027	-0.0024799964	-0.0003061741	0.9999968351
367.0000000000	371.0000000000	7.0852619027	0.0358247473	0.1664892471	0.0004323616	0.0008743979	0.0022655547	0.9999969579
368.0000000000	369.0000000000	1.2094264883	0.0026274309	0.0265194534	0.0009701108	0.0011830449	0.0000476305	0.9999988285
368.0000000000	377.0000000000	15.9160129437	-0.0410129326	0.2340462826	-0.0098893113	0.0024623680	-0.0694863204	0.9975308464
369.0000000000	370.0000000000	2.2982145240	0.0171841487	0.0481763274	0.0000073653	0.0015598601	0.0016881191	0.9999973585
369.0000000000	378.0000000000	15.8744234198	-0.3038403735	0.2554436042	-0.0123122454	0.0015608966	-0.1166874368	0.9930911410
370.0000000000	372.0000000000	3.1966242336	0.0246594045	0.0633695845	0.0000337818	0.0038800882	0.0030884831	0.9999877024
370.0000000000	377.0000000000	12.4068943334	-0.1036792497	0.2329486832	-0.0106714566	-0.0003230038	-0.0712484068	0.9974014639
371.0000000000	372.0000000000	2.0924643428	0.0140978980	0.0467974070	0.0008707858	0.0032612956	0.0022615011	0.9999917456
371.0000000000	380.0000000000	14.5732726578	-1.2718683802	0.2981697317	-0.0146943286	-0.0000688807	-0.2328074378	0.9724118309
372.0000000000	375.0000000000	6.6957308755	0.0502910770	0.1686449895	-0.0075083497	-0.0009025899	-0.0125017327	0.9998932527
372.0000000000	379.0000000000	11.4763800496	-0.8455707471	0.2877722603	-0.0132943368	-0.0021228903	-0.1750963468	0.9844592542
373.0000000000	375.0000000000	3.8679856883	0.0177083935	0.0971713090	-0.0070342342	-0.0004445010	-0.0137557463	0.9998805436
373.0000000000	380.0000000000	9.6418388432	-1.3891488827	0.2571089509	-0.0144228864	-0.0028478694	-0.2362690040	0.9715764652
374.0000000000	378.0000000000	5.8799451791	-0.5182331200	0.1421559100	-0.0104229351	-0.0029773368	-0.1230838851	0.9923370673
374.0000000000	381.0000000000	9.2422610338	-2.3354344634	0.2329125223	-0.0155543471	-0.0085398712	-0.3304842926	0.9436446711
375.0000000000	378.0000000000	3.6892820414	-0.4151413791	0.0845874593	-0.0043177547	-0.0021252048	-0.1090916516	0.9940200461
375.0000000000	383.0000000000	8.4587601137	-3.6886630741	0.2161235723	-0.0098064445	-0.0075397620	-0.4366453250	0.8995486900
376.0000000000	378.0000000000	2.4111128360	-0.2574405652	0.0485040136	-0.0007470089	-0.0008975045	-0.0834533482	0.9965110010
376.0000000000	384.0000000000	7.8987098269	-4.1264272759	0.1894428068	-0.0045928489	-0.0090411365	-0.4716060172	0.8817510579
377.0000000000	378.0000000000	1.1930202902	-0.0948645301	0.0120824994	-0.0015482142	0.0007511141	-0.0473287805	0.9988778831
377.0000000000	385.0000000000	7.7019753399	-4.9574075907	0.1766594117	-0.0132468873	-0.0158837578	-0.5254022481	0.8506025534
378.0000000000	380.0000000000	2.2519563009	-0.3548626479	0.0369953705	-0.0037677742	0.0012527930	-0.1152006314	0.9933343087
378.0000000000	387.0000000000	7.7400964728	-6.2796681535	0.2577884926	-0.0157558459	-0.0193932453	-0.5964655840	0.8022496260
379.0000000000	381.0000000000	2.6149001459	-0.5498621246	0.0419340495	-0.0028387260	-0.0059987613	-0.1586321369	0.9873154519
379.0000000000	389.0000000000	7.7141734227	-7.7625320020	0.3910059451	-0.0180861679	-0.0285178255	-0.6560940871	0.7539231877
380.0000000000	383.0000000000	3.4454028577	-1.0467872349	0.0467084364	-0.0014106313	-0.0053376092	-0.2251960516	0.9742978284
380.0000000000	390.0000000000	7.7537057437	-8.6967056171	0.4537931291	-0.0176288801	-0.0321923097	-0.6711550439	0.7404078504
381.0000000000	383.0000000000	2.0179628895	-0.4228298563	0.0208159656	-0.0010016665	-0.0001708700	-0.1287513424	0.9916763884
381.0000000000	390.0000000000	7.7379340080	-7.0872931399	0.3603808868	-0.0170700070	-0.0292151236	-0.5953996206	0.8027168761
383.0000000000	386.0000000000	3.4997933625	-1.0689195113	0.0647128198	-0.0034620303	-0.0118037912	-0.2273392612	0.9737379243
383.0000000000	391.0000000000	7.8601941488	-6.1914261050	0.4098095718	-0.0134174484	-0.0342835126	-0.5218667857	0.8522321696
384.0000000000	385.0000000000	1.5700039602	-0.2637227108	0.0068815511	-0.0042785324	-0.0102970166	-0.0982015728	0.9951040733
384.0000000000	391.0000000000	7.5868615942	-5.1104662641	0.3857861352	-0.0148680024	-0.0347373943	-0.4652470888	0.8843740172
385.0000000000	388.0000000000	3.2518758439	-0.8505719281	0.0307509476	-0.0089907048	-0.0118256197	-0.1991142393	0.9798636852
385.0000000000	393.0000000000	9.7938483662	-6.9317029369	0.4590944825	-0.0186735845	-0.0139842018	-0.4407982413	0.8973029866
386.0000000000	389.0000000000	3.4008325289	-0.8899991145	0.0585856605	-0.0066786125	-0.0153782910	-0.1967888944	0.9803025224
386.0000000000	392.0000000000	7.2951057107	-3.5690425343	0.2732699078	-0.0085384925	-0.0220507184	-0.3415703267	0.9395587113
387.0000000000	390.0000000000	4.1590455275	-1.1744001253	0.0780187346	-0.0053299107	-0.0155228547	-0.2106219326	0.9774298106
387.0000000000	396.0000000000	13.8728878551	-8.5909489331	0.4550244206	-0.0349055759	0.0124287633	-0.4074281361	0.9124853098
388.0000000000	391.0000000000	4.3847884338	-1.1074907804	0.0471479800	-0.0032982454	-0.0125617197	-0.1842115598	0.9828008069
388.0000000000	397.0000000000	14.9627665841	-7.7858105065	0.2269138440	-0.0335541022	0.0207198648	-0.3695203676	0.9283854304
389.0000000000	391.0000000000	3.2545051798	-0.5614162209	0.0203829605	-0.0019759799	-0.0090594724	-0.1214758355	0.9925510782
389.0000000000	395.0000000000	11.1353830348	-3.6473137974	0.1295879027	-0.0314673764	0.0151026861	-0.2460827612	0.9686201463
390.0000000000	394.0000000000	8.0819843680	-1.3815262674	0.0282057109	-0.0232153135	0.0108106635	-0.1427113707	0.9894329909
390.0000000000	403.0000000000	24.3480774864	-9.5768776971	-0.4219666037	-0.0499042403	0.0277469799	-0.2467044252	0.9674071524
391.0000000000	394.0000000000	6.8031739940	-0.7363705652	-0.0228888287	-0.0239367985	0.0138744641	-0.1026024567	0.9943376010
391.0000000000	401.0000000000	20.2311664452	-6.0651428823	-0.4772741542	-0.0505639923	0.0319910191	-0.2160568794	0.9745456799
392.0000000000	395.0000000000	7.0062804838	-0.6286011507	-0.0263016187	-0.0320771149	0.0173135179	-0.0977837258	0.9945399156
392.0000000000	401.0000000000	19.1122816495	-4.9098597927	-0.4139070288	-0.0493969556	0.0285595686	-0.1880338029	0.9805037383
393.0000000000	398.0000000000	9.6585977408	-1.3858627759	-0.0790253843	-0.0248282288	0.0222251283	-0.1415731919	0.9893667844
393.0000000000	404.0000000000	21.9305442860	-4.9644049352	-0.4836325310	-0.0443358349	0.0185016556	-0.1375667662	0.9893267445
394.0000000000	399.0000000000	9.8665621441	-1.4575405411	-0.0978248713	-0.0149048560	0.0248526322	-0.1209661193	0.9922335360
394.0000000000	405.0000000000	20.8211613590	-3.8357849019	-0.3853412425	-0.0311657122	0.0132861071	-0.1048427605	0.9939115521
395.0000000000	401.0000000000	12.7156182194	-1.8233720386	-0.1523925906	-0.0172126340	0.0126290025	-0.0910689653	0.9956157276
395.0000000000	405.0000000000	19.3549740067	-2.8854969138	-0.2245428089	-0.0210740603	0.0074469057	-0.0811845529	0.9964484412
396.0000000000	400.0000000000	8.5692871017	-0.7279297093	-0.0814175002	-0.0081021437	0.0150117945	-0.0563074791	0.9982677342
396.0000000000	405.0000000000	17.0836794746	-1.4313180696	-0.1361474672	-0.0151367881	0.0033400617	-0.0414313656	0.9990211027
397.0000000000	402.0000000000	10.6323033568	-0.4701024219	-0.0441123367	-0.0094128591	0.0034625872	-0.0193520411	0.9997624253
398.0000000000	402.0000000000	8.9554089563	-0.0580846087	0.0079171365	-0.0114434578	-0.0009317818	0.0001424418	0.9999340772
399.0000000000	405.0000000000	11.2062823028	0.3242253218	0.2366916911	-0.0151110972	-0.0137257075	0.0156245915	0.9996695113
400.0000000000	405.0000000000	8.5374025780	0.2572584163	0.1980746103	-0.0065824850	-0.0121794572	0.0146925963	0.9997962089
402.0000000000	413.0000000000	21.8075877658	0.7288350527	0.3184472512	0.0005587221	0.0026366193	0.0237523823	0.9997142394
403.0000000000	413.0000000000	19.9225557772	0.5701146253	0.1821358731	0.0044741891	0.0054136091	0.0207768020	0.9997594706
403.0000000000	414.0000000000	22.7175453853	0.7017376250	0.2060556306	0.0053351775	0.0042524207	0.0222966264	0.9997281197
404.0000000000	413.0000000000	17.9793203873	0.5384989414	0.0686361922	0.0081177603	0.0081056205	0.0205363490	0.9997232913
404.0000000000	414.0000000000	20.7744658303	0.6686205687	0.0780190836	0.0089825476	0.0069386945	0.0220496178	0.9996924441
405.0000000000	413.0000000000	16.9683780931	0.5031158039	0.0594584135	0.0072403173	0.0079975508	0.0198012266	0.9997457319
405.0000000000	414.0000000000	19.7637094317	0.6291776515	0.0692878060	0.0081040982	0.0068313320	0.0213156492	0.9997166096
413.0000000000	414.0000000000	2.7976331841	0.0157451988	0.0535450665	0.0008285701	-0.0011718279	0.0015299665	0.9999977997
413.0000000000	419.0000000000	13.6091794222	0.2995555984	0.2669669950	-0.0017771385	0.0017106852	0.0150272082	0.9998840425
414.0000000000	415.0000000000	2.7351885173	0.0320467745	0.0406087690	-0.0008722056	-0.0001634531	0.0038708059	0.9999921147
414.0000000000	420.0000000000	12.1422087461	0.3077457730	0.2073665474	-0.0041887686	0.0048706486	0.0155000552	0.9998592297
415.0000000000	417.0000000000	4.2857171149	0.0689958300	0.0772382726	-0.0018438311	0.0002528944	0.0062846205	0.9999785197
415.0000000000	423.0000000000	14.8329049364	0.4035455151	0.2457225018	-0.0007671654	0.0024172367	0.0175035274	0.9998435852
416.0000000000	419.0000000000	5.4621100471	0.0760972931	0.1003553613	-0.0009389835	0.0025859078	0.0054804935	0.9999811976
416.0000000000	425.0000000000	14.8574608576	0.3568667051	0.2519428636	0.0004193822	-0.0017353900	0.0144777547	0.9998935979
417.0000000000	420.0000000000	5.1244371552	0.0688534489	0.0898248088	-0.0014228114	0.0047830120	0.0053587275	0.9999731909
417.0000000000	427.0000000000	15.7858521427	0.3420579638	0.2691862146	0.0045882712	-0.0009151958	0.0119773040	0.9999173238
418.0000000000	422.0000000000	7.6156335590	0.1445627943	0.1228290097	-0.0013517932	0.0022664904	0.0089178329	0.9999567530
418.0000000000	427.0000000000	14.1929343213	0.3034639279	0.2439976471	0.0057798961	-0.0011456857	0.0112563305	0.9999192844
419.0000000000	422.0000000000	5.4147853251	0.0978483067	0.1118639127	-0.0027257571	-0.0002999137	0.0062776517	0.9999765354
419.0000000000	430.0000000000	15.5644576724	0.3815426608	0.3308126984	0.0031008589	-0.0140857254	0.0280505911	0.9995024469
420.0000000000	423.0000000000	5.4260718421	0.0740019082	0.1371808963	0.0024676147	-0.0026676717	0.0058733417	0.9999761488
420.0000000000	431.0000000000	16.4142712084	0.5044105753	0.4376615903	0.0078668077	-0.0150426141	0.0513864253	0.9985345604
421.0000000000	425.0000000000	5.7688302213	0.0592900720	0.1313379358	0.0015461562	-0.0051160211	0.0034620516	0.9999797248
421.0000000000	433.0000000000	16.2651900155	0.6501813508	0.4075634668	0.0090539744	-0.0086464184	0.0671247577	0.9976660423
422.0000000000	427.0000000000	6.5784685026	0.0412055383	0.1512560822	0.0070956017	-0.0034787038	0.0023502834	0.9999660130
422.0000000000	433.0000000000	14.4806906746	0.6031521443	0.3435805208	0.0115790806	-0.0077650444	0.0663548112	0.9976986860
423.0000000000	428.0000000000	6.3244292457	0.0495760172	0.1360643397	-0.0001586438	-0.0034153975	0.0012235952	0.9999934063
423.0000000000	433.0000000000	13.1409024162	0.5614920999	0.2987426719	0.0079748820	-0.0071525861	0.0647858876	0.9978416861
424.0000000000	427.0000000000	3.8448237827	0.0085993226	0.0606761204	0.0020790346	-0.0000720065	-0.0002785907	0.9999977974
424.0000000000	433.0000000000	11.7509974782	0.5307224714	0.1935997229	0.0067810289	-0.0040567431	0.0637366685	0.9979354676
425.0000000000	429.0000000000	4.8651516077	0.0415213902	0.0668090922	0.0000107548	-0.0071181324	0.0057412531	0.9999581842
425.0000000000	433.0000000000	10.5024732034	0.5188734972	0.1670768878	0.0078247217	-0.0034697201	0.0636364792	0.9979364375
426.0000000000	430.0000000000	4.9833578196	0.0921896391	0.0625793912	0.0008050336	-0.0104744549	0.0191941663	0.9997605822
426.0000000000	437.0000000000	15.2134988334	1.5012886235	0.1987064652	-0.0050231679	-0.0023374851	0.0788448244	0.9968715051
427.0000000000	432.0000000000	6.7900370009	0.3839174732	0.1031076708	0.0035613499	-0.0071180050	0.0547577681	0.9984679452
427.0000000000	438.0000000000	15.3039178231	1.7751134555	0.1659215244	-0.0092566798	-0.0079126264	0.0804918986	0.9966808709
428.0000000000	433.0000000000	6.8186561001	0.4951888128	0.1162680086	0.0083456522	-0.0037645518	0.0635361336	0.9979375421
428.0000000000	439.0000000000	15.8095661639	1.9931992899	0.1845968546	-0.0029080346	-0.0055967374	0.0812907123	0.9966704771
429.0000000000	433.0000000000	5.6432840931	0.4125863102	0.0199584911	0.0082467139	0.0035896156	0.0578487475	0.9982848435
429.0000000000	438.0000000000	13.0557981000	1.5698609017	-0.0501033314	-0.0056234671	-0.0004468330	0.0744197436	0.9972110502
430.0000000000	433.0000000000	4.3454034265	0.2602680586	0.0050104378	0.0065954056	0.0062167988	0.0445294616	0.9989669560
430.0000000000	439.0000000000	13.3861377298	1.4162738262	-0.1133917717	-0.0045096973	0.0046268414	0.0624208481	0.9980290039
431.0000000000	436.0000000000	6.6647055513	0.3976114833	-0.0637080124	-0.0060987332	0.0108055028	0.0323151529	0.9994007092
431.0000000000	439.0000000000	11.2502569043	0.7589490358	-0.1014764476	-0.0081605216	0.0038758626	0.0371184035	0.9992700374
432.0000000000	436.0000000000	5.6334100820	0.2653592642	-0.0415802526	-0.0076674190	0.0090294999	0.0223367879	0.9996803223
432.0000000000	440.0000000000	12.7546292241	0.7056343069	-0.0709415498	-0.0127969061	0.0041843532	0.0297911032	0.9994654674
433.0000000000	437.0000000000	5.9761478627	0.2236685399	-0.0180440613	-0.0116249992	0.0026693540	0.0151509142	0.9998140746
433.0000000000	440.0000000000	11.6405148028	0.4696291840	-0.0073528454	-0.0142486249	0.0011172758	0.0204872542	0.9996879517
434.0000000000	439.0000000000	7.9117936826	0.2102929833	0.0489838799	-0.0085198808	-0.0048955581	0.0115009211	0.9998855804
434.0000000000	441.0000000000	12.2095725022	0.3652645694	0.0942436488	-0.0095245273	-0.0009899794	0.0174603919	0.9998016994
435.0000000000	439.0000000000	6.6462113472	0.1309705936	0.0505174908	-0.0041900742	-0.0057115992	0.0079608185	0.9999432215
435.0000000000	442.0000000000	12.7655737078	0.3206518537	0.1226387174	-0.0038688761	-0.0005905321	0.0195055666	0.9998020884
436.0000000000	439.0000000000	4.5990263106	0.0641962934	0.0641324177	-0.0023371834	-0.0068867334	0.0047400604	0.9999623204
436.0000000000	443.0000000000	12.5567378428	0.2844767945	0.1744480781	0.0008822964	-0.0007626649	0.0215744284	0.9997665647
437.0000000000	440.0000000000	5.6690598862	0.0735717161	0.0446631144	-0.0026623667	-0.0015737366	0.0053122153	0.9999811076
437.0000000000	443.0000000000	11.0936769837	0.2141511272	0.0812884425	0.0035784426	0.0023970944	0.0195042483	0.9998004966
438.0000000000	441.0000000000	5.9128511351	0.0666293591	-0.0084695992	0.0019757457	0.0058976575	0.0072993997	0.9999540154
438.0000000000	445.0000000000	13.2228054130	0.3531341840	-0.0221932833	0.0038171262	0.0036359552	0.0214392168	0.9997562550
439.0000000000	443.0000000000	7.9602111858	0.1445655160	0.0015406045	0.0033638639	0.0060678856	0.0168268059	0.9998343482
439.0000000000	445.0000000000	11.6111144557	0.3233160762	0.0196101682	0.0008788753	0.0016428459	0.0201482569	0.9997952672
440.0000000000	443.0000000000	5.4258945992	0.0827874377	0.0201452702	0.0062836380	0.0038995341	0.0141934762	0.9998719192
440.0000000000	447.0000000000	12.7574040577	0.3839944324	0.1005237062	0.0015455063	-0.0001037739	0.0144479931	0.9998944225
441.0000000000	444.0000000000	5.4931080233	0.1032096350	0.0476774994	0.0046089750	0.0000501045	0.0140362000	0.9998908640
441.0000000000	447.0000000000	10.9935266005	0.2974641951	0.1297947119	-0.0004858551	-0.0018199105	0.0111022922	0.9999365935
442.0000000000	445.0000000000	5.4925137549	0.1044378476	0.0717561163	0.0003684618	-0.0034268451	0.0085879310	0.9999571833
442.0000000000	447.0000000000	9.1739537031	0.1811608759	0.1384497705	-0.0018531864	-0.0029925579	0.0055308815	0.9999785096
443.0000000000	446.0000000000	5.4991496078	0.0862462956	0.0988208651	-0.0059000613	-0.0049153086	0.0021477524	0.9999682076
443.0000000000	452.0000000000	17.6653999062	0.0020961350	0.3739516852	-0.0035332810	-0.0070704824	-0.0123995365	0.9998918820
444.0000000000	447.0000000000	5.5037073030	0.0405350340	0.0815856898	-0.0051205861	-0.0018118241	-0.0029258743	0.9999809679
444.0000000000	452.0000000000	15.8329380338	-0.1176490578	0.2769969377	-0.0038950712	-0.0049564325	-0.0155875558	0.9998586352
445.0000000000	449.0000000000	7.3949628173	-0.0121307339	0.0885582121	-0.0013448403	-0.0009181788	-0.0082983109	0.9999642426
445.0000000000	452.0000000000	14.0125403669	-0.1483441138	0.1893216133	-0.0010321156	-0.0026560201	-0.0157231069	0.9998723240
446.0000000000	450.0000000000	7.4269596725	-0.0415254023	0.0824341914	0.0015645050	-0.0003008311	-0.0097963633	0.9999507453
446.0000000000	455.0000000000	17.9708486047	-0.2764854856	0.2409055608	0.0014986549	-0.0020169608	-0.0127962280	0.9999149676
447.0000000000	452.0000000000	10.3306150843	-0.0995356482	0.1566590448	0.0012111261	-0.0030763502	-0.0126801161	0.9999141383
447.0000000000	454.0000000000	14.1813568462	-0.1742489444	0.2152095043	-0.0006045062	-0.0034924082	-0.0123768581	0.9999171221
448.0000000000	451.0000000000	5.6265780699	-0.0191010535	0.0735873196	0.0008778143	-0.0018748958	-0.0081035351	0.9999650229
448.0000000000	456.0000000000	17.1989801697	-0.1599739842	0.2660916731	-0.0011463196	-0.0055374635	-0.0058465894	0.9999669194
449.0000000000	452.0000000000	6.6191075248	-0.0266224204	0.0883887703	0.0003201941	-0.0017252854	-0.0074279180	0.9999708730
449.0000000000	456.0000000000	15.3415575873	-0.0791869309	0.2194853928	-0.0016290885	-0.0047631632	-0.0030275225	0.9999827461
450.0000000000	452.0000000000	4.7419611403	-0.0042956759	0.0690724841	0.0007416165	-0.0017741970	-0.0047724640	0.9999867628
450.0000000000	456.0000000000	13.4645517321	-0.0106312906	0.2010690888	-0.0011998175	-0.0048190752	-0.0003734203	0.9999875987
451.0000000000	454.0000000000	6.7027223496	0.0138151587	0.0769740880	-0.0018721811	-0.0010651904	-0.0018315540	0.9999960029
451.0000000000	456.0000000000	11.5738012127	0.0469942141	0.1491863159	-0.0019901530	-0.0036768581	0.0022638920	0.9999886973
452.0000000000	455.0000000000	5.8048131915	0.0319549155	0.0628647269	-0.0007885980	0.0000503539	0.0017764790	0.9999981098
452.0000000000	457.0000000000	10.6868683957	0.1174832518	0.1316760449	-0.0023225692	0.0003359382	0.0071946464	0.9999713645
453.0000000000	456.0000000000	6.7978467280	0.0674652513	0.0926344033	-0.0012774144	-0.0035770614	0.0045343020	0.9999825063
453.0000000000	459.0000000000	12.6028462594	0.2011366320	0.1811548414	-0.0002506486	-0.0001956456	0.0113076900	0.9999360155
454.0000000000	456.0000000000	4.8710690377	0.0507697420	0.0619936151	-0.0001088399	-0.0026195479	0.0040906523	0.9999881963
454.0000000000	459.0000000000	10.6763413892	0.1791281830	0.1396484313	0.0009258793	0.0007534699	0.0108670059	0.9999402398
455.0000000000	457.0000000000	4.8823214233	0.0680719205	0.0694224874	-0.0015337541	0.0002840363	0.0054183526	0.9999841041
455.0000000000	460.0000000000	11.5716792730	0.2261941168	0.1699752043	0.0007643095	-0.0022648703	0.0126325110	0.9999173495
456.0000000000	458.0000000000	3.8985528991	0.0479991672	0.0307000169	0.0006438297	0.0041314409	0.0048919736	0.9999792924
456.0000000000	462.0000000000	12.3961027361	0.2728446449	0.1004863953	-0.0018404092	0.0050737270	0.0124260552	0.9999082275
457.0000000000	460.0000000000	6.6906202096	0.0853106075	0.1047277141	0.0022820644	-0.0025723638	0.0072111503	0.9999680867
457.0000000000	462.0000000000	10.4319177825	0.1914012158	0.1524151592	-0.0014881859	0.0016913084	0.0096242000	0.9999511486
458.0000000000	460.0000000000	4.7568472822	0.0513427509	0.0867082194	0.0012524150	-0.0033144793	0.0051174769	0.9999806284
458.0000000000	465.0000000000	14.8132111229	0.2044015669	0.2593389859	0.0038587989	-0.0022569798	0.0006390873	0.9999898036
459.0000000000	461.0000000000	4.7216845690	0.0598486144	0.0802036149	-0.0010946802	0.0002099889	0.0049763004	0.9999869969
459.0000000000	466.0000000000	14.6082755450	0.1464573481	0.2345551530	0.0019880702	-0.0043332712	-0.0037994381	0.9999814171
460.0000000000	462.0000000000	3.7426333328	0.0522947189	0.0280738886	-0.0037331390	0.0042961881	0.0024130618	0.9999808916
460.0000000000	468.0000000000	15.7184345735	0.0021389558	0.2466538117	-0.0005865810	-0.0069447355	-0.0110879705	0.9999142381
461.0000000000	463.0000000000	4.5945874227	0.0339087365	0.0648800993	-0.0013961682	-0.0017630334	-0.0020792947	0.9999953095
461.0000000000	468.0000000000	13.8439432762	-0.0685587105	0.3025572122	0.0013522952	-0.0096901772	-0.0128480956	0.9998695906
462.0000000000	464.0000000000	4.5448381460	-0.0142173080	0.0949039092	0.0042009936	-0.0032308642	-0.0047932412	0.9999744687
462.0000000000	470.0000000000	15.8658079997	-0.2057932211	0.5041893047	0.0060902976	-0.0151450563	-0.0139373670	0.9997696161
463.0000000000	466.0000000000	5.2927536471	-0.0242705905	0.0749448999	0.0044519956	-0.0027673481	-0.0067124472	0.9999637316
463.0000000000	471.0000000000	14.2392698309	-0.1599570896	0.4171051134	0.0065832902	-0.0123345094	-0.0108645667	0.9998432284
464.0000000000	468.0000000000	7.4301330877	-0.0228267462	0.1784612401	-0.0010133165	-0.0080085868	-0.0086994566	0.9999295751
464.0000000000	472.0000000000	13.9638709258	-0.0939141354	0.4568826083	-0.0019987451	-0.0151671798	-0.0091296275	0.9998412932
465.0000000000	468.0000000000	5.6600072799	0.0032348102	0.1528247358	-0.0031405559	-0.0080145401	-0.0065824607	0.9999412859
465.0000000000	473.0000000000	13.6315236392	-0.0444159840	0.5012256962	-0.0061713403	-0.0127172404	-0.0074903843	0.9998720321
466.0000000000	470.0000000000	7.8543292470	-0.0068114676	0.2447392530	0.0012654444	-0.0090908329	-0.0044524496	0.9999479642
466.0000000000	474.0000000000	13.6922669088	-0.0158707184	0.4728105605	-0.0022060634	-0.0098793819	-0.0062585978	0.9999291780
467.0000000000	471.0000000000	7.3132716740	0.0002375876	0.1393720733	0.0058839537	-0.0022794058	-0.0020102254	0.9999780710
467.0000000000	476.0000000000	14.7047219485	-0.0039689166	0.3131800177	0.0044293815	-0.0061536471	-0.0031468582	0.9999663047
468.0000000000	473.0000000000	7.9760289924	0.0555436737	0.2206081885	-0.0030071469	-0.0047200768	-0.0008988046	0.9999839349
468.0000000000	477.0000000000	13.9089274290	0.0427820161	0.3857340058	0.0054194303	-0.0123948789	0.0047826863	0.9998970560
469.0000000000	473.0000000000	5.2703224522	0.0593757020	0.0908767327	-0.0058716857	0.0000909537	-0.0003618443	0.9999826919
469.0000000000	478.0000000000	12.3775596702	0.0913861637	0.2379744769	0.0012136798	-0.0078532719	0.0116806550	0.9999002027
470.0000000000	473.0000000000	4.0798282542	0.0492231278	0.0920826649	-0.0059703181	-0.0008145394	-0.0004437813	0.9999817473
470.0000000000	479.0000000000	12.3236887257	0.1133970536	0.2935504779	0.0012016942	-0.0133852355	0.0118907266	0.9998389880
471.0000000000	474.0000000000	4.7454257317	0.0364969522	0.0886197819	-0.0044095071	-0.0003309297	-0.0020997577	0.9999880188
472.0000000000	475.0000000000	4.7724202048	-0.0032409152	0.0610920119	0.0031912745	0.0017018534	-0.0015912975	0.9999921936
473.0000000000	476.0000000000	4.4079242361	-0.0103773944	0.0763037284	0.0054482792	-0.0035401531	-0.0003680271	0.9999788238
474.0000000000	476.0000000000	2.6467419988	0.0015315628	0.0495687909	0.0029679940	-0.0035509680	0.0009725856	0.9999888178
475.0000000000	477.0000000000	2.6009593948	0.0184928739	0.0540300843	0.0031937860	-0.0069055554	0.0067812001	0.9999480628
