idx1	idx2	t_1	t_2	t_3	q_1	q_2	q_3	q_4
0.0000000000	6.0000000000	5.1658180000	3.5434210000	0.0736570000	-0.0064788075	0.0004286673	0.5176649563	0.8555587848
0.0000000000	15.0000000000	4.9895000000	14.5707470000	0.0135010000	-0.0090072752	0.0010564777	0.7394856974	0.6731111767
1.0000000000	7.0000000000	4.9707430111	4.3218995732	0.0354075155	-0.0055868600	0.0081219898	0.5697645956	0.8217488216
1.0000000000	16.0000000000	5.4885939361	15.3126612349	-0.0508708793	-0.0087106736	0.0038549708	0.7002715362	0.7138130280
2.0000000000	10.0000000000	5.4669958991	6.8805559476	0.0440036100	0.0026208744	0.0001058312	0.6235156332	0.7818064818
2.0000000000	18.0000000000	7.2631121647	17.0932007891	0.0885125405	-0.0043253777	0.0018735406	0.6377275934	0.7702475560
3.0000000000	15.0000000000	7.5480382920	11.4077578717	0.1966654344	0.0037488111	-0.0010660100	0.5708899224	0.8210173607
3.0000000000	18.0000000000	9.0553166031	15.4842741374	0.2350841855	-0.0001142317	-0.0003391716	0.5667225843	0.8239086020
4.0000000000	15.0000000000	8.7488989421	9.3308127611	0.1746072065	0.0036920929	-0.0015374455	0.4714809385	0.8818671835
4.0000000000	19.0000000000	12.0307268552	14.2286570202	0.2198189918	0.0002580766	0.0004843023	0.4656831088	0.8849513778
5.0000000000	14.0000000000	8.4772602848	6.7306229766	0.0596109038	0.0017282656	0.0028319230	0.3970897374	0.9177737922
5.0000000000	18.0000000000	12.3545417496	10.8597601950	0.0693395165	-0.0037100646	0.0027767086	0.3907904856	0.9204679906
6.0000000000	15.0000000000	9.6864163627	5.2730775042	0.0680424305	-0.0031152514	0.0004871331	0.2842300747	0.9587509179
6.0000000000	18.0000000000	13.3270379269	7.6473621419	0.0684224646	-0.0065680539	0.0023578877	0.2793553122	0.9601624397
7.0000000000	15.0000000000	9.1652356549	2.8982473224	0.1139864296	-0.0059149999	-0.0026390755	0.1702807679	0.9853742985
7.0000000000	19.0000000000	14.7219542445	4.8688837083	0.1416222045	-0.0085386905	0.0003011331	0.1637769719	0.9864603913
8.0000000000	16.0000000000	9.6239638619	1.8154159646	0.1221391450	-0.0044427226	-0.0015599113	0.0978455330	0.9951904745
8.0000000000	19.0000000000	14.0421833573	2.6943054576	0.1499503206	-0.0061786165	0.0004612450	0.0928883976	0.9956572490
9.0000000000	17.0000000000	9.8208540214	0.9328243634	0.0578551356	-0.0030361194	0.0047608065	0.0440302378	0.9990142416
9.0000000000	20.0000000000	14.4590198275	1.3410104982	0.0511788383	-0.0026935954	0.0057995850	0.0395547484	0.9991969432
10.0000000000	17.0000000000	8.8538370406	0.4479732693	0.0151947001	-0.0020046147	0.0069963338	0.0200345391	0.9997727992
10.0000000000	21.0000000000	15.1183900022	0.6881926079	-0.0108229805	-0.0014880807	0.0028312552	0.0150314680	0.9998819053
11.0000000000	17.0000000000	7.7789858219	0.1749063108	0.0091683140	-0.0021319134	0.0074061772	0.0050858938	0.9999573677
11.0000000000	22.0000000000	15.6993645123	0.2290227298	-0.0148324002	-0.0005544886	0.0014591358	0.0003282421	0.9999987279
12.0000000000	18.0000000000	8.1436866459	0.0382003809	0.0115805936	-0.0034794470	0.0050275641	-0.0049956193	0.9999688299
12.0000000000	24.0000000000	18.7975745843	-0.0760396633	0.0068004519	-0.0011640690	0.0087968234	-0.0073994378	0.9999332524
13.0000000000	18.0000000000	6.9365407022	-0.0140487376	0.0179410017	-0.0039182789	0.0041329306	-0.0079976224	0.9999518008
13.0000000000	24.0000000000	17.5895442555	-0.1921397777	0.0325259658	-0.0015894306	0.0078941639	-0.0104009591	0.9999134842
14.0000000000	19.0000000000	7.2135170505	-0.0196828054	0.0301889344	-0.0043212886	0.0026814827	-0.0083657573	0.9999520740
14.0000000000	25.0000000000	18.0002696725	-0.1698166914	0.0938284944	-0.0037523466	0.0053416451	-0.0087973726	0.9999399947
15.0000000000	21.0000000000	9.1110615900	-0.0489621667	0.0202626278	-0.0000193150	-0.0001911098	-0.0083487272	0.9999651303
15.0000000000	25.0000000000	16.6831577798	-0.1205032308	0.0568519264	-0.0015315151	0.0060474216	-0.0069954116	0.9999560727
16.0000000000	22.0000000000	9.3713080147	-0.0499322615	0.0588185896	0.0016603001	-0.0031497793	-0.0064992940	0.9999725404
16.0000000000	26.0000000000	17.8025436630	-0.0878903022	0.1045528364	-0.0023276288	0.0030647296	-0.0059358334	0.9999749774
17.0000000000	23.0000000000	9.6291156022	-0.0318684557	0.1155809293	0.0017905736	0.0009830527	-0.0044691515	0.9999879270
17.0000000000	27.0000000000	18.0188659692	-0.0396116624	0.2084258480	-0.0032332167	-0.0012769579	-0.0044835062	0.9999839068
18.0000000000	25.0000000000	12.3369688599	-0.0022425198	0.1131392163	0.0012290635	0.0032696415	-0.0019121993	0.9999920711
18.0000000000	28.0000000000	19.0405478113	-0.0018722047	0.1710274377	0.0006382394	0.0059849110	-0.0034723982	0.9999758577
19.0000000000	25.0000000000	10.7872675818	0.0295583873	0.1209714370	0.0005477648	0.0026666927	-0.0004186757	0.9999962067
19.0000000000	28.0000000000	17.4907452712	0.0500534045	0.1869378172	-0.0000461642	0.0053800278	-0.0019810920	0.9999835641
20.0000000000	26.0000000000	11.6945068717	0.0710463344	0.1716398989	-0.0028244127	-0.0007852946	0.0002647401	0.9999956679
20.0000000000	31.0000000000	20.8784367680	0.1205908938	0.2703734732	-0.0064676809	-0.0003344457	-0.0010566742	0.9999784701
21.0000000000	26.0000000000	10.0824656273	0.0768192921	0.0401219410	-0.0029048111	0.0044137089	0.0008118519	0.9999857110
21.0000000000	31.0000000000	19.2668679748	0.1361548057	0.0433212031	-0.0065551405	0.0048624135	-0.0004906431	0.9999665726
22.0000000000	27.0000000000	10.0991908189	0.0832879731	-0.0051447277	-0.0048361043	0.0046454775	0.0002964475	0.9999774716
22.0000000000	31.0000000000	17.6155269000	0.1264854156	-0.0369548474	-0.0076789380	0.0066374674	-0.0007308115	0.9999482206
23.0000000000	28.0000000000	10.9145428507	0.0751934931	0.1386960805	-0.0034611390	0.0037804760	-0.0007669919	0.9999865700
23.0000000000	32.0000000000	17.5503541888	0.1039099108	0.2130291426	-0.0051950478	-0.0030269103	-0.0002487314	0.9999818935
24.0000000000	28.0000000000	8.3856542330	0.0466267782	0.1325386584	-0.0016712314	0.0021891819	-0.0011046441	0.9999955971
24.0000000000	32.0000000000	15.0212147582	0.0705439245	0.2281169365	-0.0034082756	-0.0046185158	-0.0006013175	0.9999833456
25.0000000000	31.0000000000	11.6937649828	0.0493373908	0.1554393379	-0.0049814401	-0.0013535048	-0.0018773982	0.9999849142
25.0000000000	36.0000000000	19.8732957502	0.1046545628	0.3110424173	-0.0035892067	-0.0027152084	0.0044625301	0.9999799153
26.0000000000	31.0000000000	9.1840986318	0.0441672266	0.0845709771	-0.0036442198	0.0004555303	-0.0013172706	0.9999923884
26.0000000000	35.0000000000	15.7672074567	0.0680953616	0.1868368960	0.0016043862	0.0010805602	0.0039793556	0.9999902115
27.0000000000	31.0000000000	7.5163282996	0.0387064625	0.0384214541	-0.0028375493	0.0019978925	-0.0010308016	0.9999934471
27.0000000000	36.0000000000	15.6966165836	0.1070938322	0.1394608105	-0.0014229565	0.0006237198	0.0053014778	0.9999847401
28.0000000000	34.0000000000	9.9413945798	0.0534817059	0.2020556555	0.0022607605	-0.0015766409	0.0037486186	0.9999891755
28.0000000000	38.0000000000	17.9047281295	0.2249630155	0.4000168381	-0.0040374525	-0.0020021806	0.0082198409	0.9999560613
29.0000000000	36.0000000000	11.4893673704	0.1124515868	0.2953611504	-0.0031924925	-0.0072515526	0.0060586861	0.9999502564
29.0000000000	38.0000000000	16.2249749825	0.2185078606	0.4316439523	-0.0042279412	-0.0038177374	0.0082594246	0.9999496644
30.0000000000	36.0000000000	9.8351170437	0.1065298749	0.1869928695	-0.0018840057	-0.0034347094	0.0063622366	0.9999720872
30.0000000000	38.0000000000	14.5715678370	0.2151311153	0.2873146451	-0.0029120599	-0.0000040601	0.0085713255	0.9999590253
31.0000000000	37.0000000000	10.5710262296	0.1384998978	0.1803149896	0.0005244669	-0.0002223439	0.0079121464	0.9999685362
31.0000000000	40.0000000000	17.4180623846	0.2987706239	0.2609847347	0.0009500754	0.0014278947	0.0092067057	0.9999561466
32.0000000000	38.0000000000	11.2725951006	0.1750691061	0.1223846111	-0.0022517870	0.0047957192	0.0077555574	0.9999558900
32.0000000000	41.0000000000	17.1907982289	0.3096264263	0.1573319961	-0.0025802277	0.0029420909	0.0066481774	0.9999702437
33.0000000000	38.0000000000	9.6176934752	0.1482804226	0.1178605032	-0.0040231189	0.0040739192	0.0064879923	0.9999625611
33.0000000000	41.0000000000	15.5361621526	0.2680897963	0.1610995216	-0.0043530975	0.0022187367	0.0053836378	0.9999735717
34.0000000000	39.0000000000	10.2671182115	0.1465522226	0.2025686467	-0.0061942188	0.0029032860	0.0050471792	0.9999638636
34.0000000000	43.0000000000	16.5116103990	0.2050343415	0.3217534188	-0.0067965767	0.0004332041	-0.0096020835	0.9999307070
35.0000000000	39.0000000000	8.6369947827	0.1139670952	0.1355527655	-0.0047561561	0.0047571147	0.0038113746	0.9999701107
35.0000000000	43.0000000000	14.8820094636	0.1565115122	0.2317305623	-0.0053888044	0.0023086100	-0.0108401969	0.9999240577
36.0000000000	41.0000000000	10.6572387530	0.1168769358	0.1194363051	-0.0013358097	0.0015824616	0.0011089215	0.9999972409
36.0000000000	48.0000000000	19.3636963796	-1.0711884776	0.1835507458	0.0067518144	0.0070892808	-0.2008112031	0.9795810410
37.0000000000	41.0000000000	8.2653047638	0.0668408809	0.0996214952	-0.0004653798	0.0004075499	-0.0004718721	0.9999996973
37.0000000000	52.0000000000	20.6778842213	-5.4652534971	0.1275359712	0.0135820968	-0.0079181812	-0.5376272303	0.8430360551
38.0000000000	43.0000000000	8.5472186371	0.0139567936	0.1435101931	-0.0005060165	0.0009159218	-0.0140782893	0.9999003484
38.0000000000	53.0000000000	18.8207891228	-7.0095405914	0.1762797296	0.0106409300	-0.0042872033	-0.5994040278	0.8003644183
39.0000000000	46.0000000000	9.6454211449	-0.3115552321	0.2269948046	-0.0016683547	0.0011039506	-0.0753306513	0.9971566030
39.0000000000	58.0000000000	17.5348064580	-15.5031507736	0.1578711395	0.0106162005	0.0035066800	-0.6941203698	0.7197721248
40.0000000000	46.0000000000	7.4466496454	-0.3264047614	0.1199486437	-0.0024086620	0.0049599860	-0.0753946051	0.9971385312
40.0000000000	58.0000000000	15.3331555880	-15.5191996002	0.0028853838	0.0075862302	0.0060027335	-0.6942088463	0.7197086174
41.0000000000	51.0000000000	11.5331862152	-3.8297191337	0.0627856155	0.0208892481	-0.0048956574	-0.4345062044	0.9004132552
41.0000000000	60.0000000000	14.0443653087	-20.0919926133	-0.1477943753	0.0097619764	0.0134501356	-0.7058791754	0.7081372660
42.0000000000	52.0000000000	11.1282094027	-5.4088509968	0.0398727802	0.0147910055	-0.0090380325	-0.5330727650	0.8458918177
42.0000000000	59.0000000000	12.8471750005	-17.6414846367	-0.1002153320	0.0077254236	0.0071673531	-0.6980394705	0.7159817347
43.0000000000	53.0000000000	10.4671690961	-6.7315137393	0.0448076369	0.0116542454	-0.0045667895	-0.5880689931	0.8087139064
43.0000000000	60.0000000000	11.9332489196	-19.7665181550	-0.1326121075	0.0116792570	0.0117530820	-0.6966072596	0.7172613094
44.0000000000	55.0000000000	10.0216704386	-8.7639678811	0.0141872514	0.0160043442	0.0005995086	-0.6249159255	0.7805277622
44.0000000000	60.0000000000	11.2435876410	-19.4595043794	-0.1939054373	0.0143205012	0.0120113545	-0.6870211812	0.7263969625
45.0000000000	54.0000000000	8.9035575251	-7.2068325556	0.0101698109	0.0154869157	-0.0016580684	-0.5898781908	0.8073420132
45.0000000000	60.0000000000	10.8722974423	-19.0051986994	-0.2125441793	0.0154241560	0.0117933098	-0.6721712898	0.7401410477
46.0000000000	57.0000000000	9.6455273611	-11.7020608633	-0.0573929718	0.0152740190	0.0057896238	-0.6230748033	0.7819916714
46.0000000000	61.0000000000	11.1680579332	-20.6825180973	-0.2194839026	0.0169271309	0.0111063069	-0.6546256362	0.7556820751
47.0000000000	57.0000000000	9.4476924609	-10.5660563840	-0.0040787493	0.0132457985	0.0041544562	-0.5782416252	0.8157474562
47.0000000000	61.0000000000	11.9665591628	-19.3202906730	-0.1117333781	0.0147016302	0.0094887178	-0.6112317884	0.7912581925
48.0000000000	59.0000000000	11.4297157241	-13.1109322082	0.1504387612	0.0033071111	-0.0006757272	-0.5432448208	0.8395675500
48.0000000000	63.0000000000	15.0737927645	-21.5936791646	0.1755374538	0.0012774815	-0.0007189809	-0.5571669726	0.8303991906
49.0000000000	58.0000000000	10.8253455544	-9.1109193912	0.2300673772	-0.0034283473	-0.0034292842	-0.4616014305	0.8870741828
49.0000000000	61.0000000000	14.6330663941	-14.9067106910	0.3342311572	-0.0000134447	0.0035332369	-0.4810748723	0.8766723922
50.0000000000	59.0000000000	12.4032922374	-8.8860679100	0.5093539265	-0.0132384704	-0.0097722034	-0.3995529801	0.9165624163
50.0000000000	64.0000000000	20.0785483352	-17.4634186745	0.9151584232	-0.0139933181	-0.0048571071	-0.4179331120	0.9083570385
51.0000000000	59.0000000000	12.4572848104	-6.7287318399	0.2211572139	-0.0155406318	-0.0008387206	-0.3222787282	0.9465168813
51.0000000000	64.0000000000	21.4472834622	-13.9245101531	0.4352196217	-0.0168997291	0.0039315970	-0.3412598850	0.9398088277
52.0000000000	60.0000000000	13.8939337825	-4.6870567404	-0.0037942860	-0.0146978587	0.0122338076	-0.2150920709	0.9764065280
52.0000000000	64.0000000000	22.1972299148	-8.6356925458	0.0013736634	-0.0162747257	0.0109264026	-0.2285770303	0.9733284586
53.0000000000	60.0000000000	12.8528784810	-2.6257743267	-0.0325874981	-0.0090067154	0.0115303091	-0.1417469820	0.9897947889
53.0000000000	64.0000000000	21.6503786785	-5.2978363795	-0.0534748527	-0.0104884263	0.0101998942	-0.1554334318	0.9877380236
54.0000000000	60.0000000000	11.8402928808	-1.7130186411	0.0081081908	-0.0070808449	0.0094370241	-0.1062872144	0.9942654737
54.0000000000	65.0000000000	23.0104058870	-4.2888422759	0.0214281111	-0.0067833754	0.0073350797	-0.1217517404	0.9925103003
55.0000000000	60.0000000000	10.7055068064	-1.1494184609	0.0439419060	-0.0075420571	0.0068936308	-0.0824855790	0.9965398760
55.0000000000	65.0000000000	21.9858827121	-3.1878297277	0.1119045411	-0.0071574451	0.0047959583	-0.0979859210	0.9951505057
56.0000000000	61.0000000000	11.1219095296	-0.9593058116	0.1088918234	-0.0019762330	0.0056956939	-0.0620489759	0.9980548974
56.0000000000	65.0000000000	20.1811027254	-2.1635380038	0.2204571917	-0.0034707264	0.0018942643	-0.0737380816	0.9972698036
57.0000000000	63.0000000000	13.6636257555	-0.9076171623	0.1567271227	-0.0035037800	-0.0039305575	-0.0477404925	0.9988458938
57.0000000000	66.0000000000	20.4780612009	-1.5822560027	0.2512738994	-0.0026184930	0.0009028761	-0.0540559514	0.9985340667
58.0000000000	64.0000000000	13.7945733332	-0.5407037505	0.0915312711	-0.0034248595	0.0045365274	-0.0320637903	0.9994696612
58.0000000000	67.0000000000	19.8949987712	-0.9307542131	0.1270114750	-0.0011414469	0.0035047833	-0.0344445722	0.9993998124
59.0000000000	65.0000000000	13.7821657646	-0.3079754557	0.0934377255	-0.0011658101	0.0038000621	-0.0217688460	0.9997551289
59.0000000000	70.0000000000	23.2435453202	-0.6164781730	0.1475543001	-0.0032337496	-0.0005007185	-0.0143941823	0.9998910439
60.0000000000	67.0000000000	15.3021522662	-0.2650195320	0.2701232218	0.0011769969	-0.0023642663	-0.0162377205	0.9998646715
60.0000000000	71.0000000000	23.4478723202	-0.3726082349	0.4263129507	0.0000168443	-0.0032563582	-0.0056580990	0.9999786907
61.0000000000	67.0000000000	12.9791042424	-0.1506835252	0.2892963085	-0.0006634315	-0.0042904563	-0.0123925623	0.9999137844
61.0000000000	72.0000000000	22.8335894759	-0.1883992334	0.5098503791	-0.0012896185	-0.0016393029	-0.0015257891	0.9999966608
62.0000000000	67.0000000000	10.6787359282	-0.0669938116	0.1643622446	-0.0007097818	-0.0002563959	-0.0086504017	0.9999622998
62.0000000000	71.0000000000	18.8257344658	-0.0504611061	0.2860219970	-0.0018408098	-0.0011372277	0.0019338765	0.9999957891
63.0000000000	69.0000000000	12.3757514028	-0.0136000655	0.0523695496	-0.0021085803	0.0006848676	0.0003119206	0.9999974938
63.0000000000	73.0000000000	19.9880672901	0.0833435186	0.0821085706	-0.0010203970	0.0070225512	0.0032467309	0.9999695502
64.0000000000	69.0000000000	10.0898211816	0.0454112724	0.1443604360	-0.0007316380	-0.0048637025	0.0036758615	0.9999811484
64.0000000000	72.0000000000	15.9668378545	0.1601388004	0.2452441506	0.0017093254	0.0016630130	0.0085020065	0.9999610135
65.0000000000	71.0000000000	11.9891940297	0.1593352254	0.1713621510	-0.0005960343	-0.0013272377	0.0099188642	0.9999497484
65.0000000000	75.0000000000	19.8117161787	0.3046957590	0.2498203916	0.0041220656	0.0025997178	0.0046380496	0.9999773690
66.0000000000	71.0000000000	9.6946081958	0.1769101613	0.1413040303	-0.0008232560	-0.0012102929	0.0111333239	0.9999369513
66.0000000000	78.0000000000	24.4382186137	0.4546056438	0.3447684544	0.0001980436	0.0005564782	0.0034982921	0.9999937065
67.0000000000	73.0000000000	11.5874399674	0.2479925333	0.1461779240	-0.0020041620	0.0024392636	0.0089964033	0.9999545480
67.0000000000	78.0000000000	22.8895969903	0.4188998171	0.3118100938	-0.0001007291	0.0008658495	0.0029479303	0.9999952749
68.0000000000	75.0000000000	14.3924804645	0.2300197943	0.1809240307	0.0035671147	0.0027255282	0.0028819189	0.9999857708
68.0000000000	78.0000000000	21.3144821424	0.3023178160	0.3075517724	-0.0001307466	0.0005710187	0.0005298221	0.9999996881
69.0000000000	76.0000000000	13.7409264695	0.1100176102	0.0547632857	0.0063974483	0.0057760682	-0.0017646504	0.9999612971
69.0000000000	79.0000000000	20.6101708324	0.1230408050	0.1215478481	0.0045064890	0.0075228048	-0.0013053309	0.9999606968
70.0000000000	77.0000000000	14.6758862534	0.0590491936	0.0673619364	0.0000267420	-0.0021465492	-0.0050992108	0.9999846947
70.0000000000	79.0000000000	18.9657644775	0.0339332162	0.1057896556	0.0039966957	0.0075420341	-0.0032746584	0.9999582095
71.0000000000	78.0000000000	14.7465861207	-0.0509536457	0.1679561584	0.0010317111	0.0017616430	-0.0076349615	0.9999687693
71.0000000000	80.0000000000	18.9379688763	-0.0818570037	0.2187153502	0.0038077865	0.0012025453	-0.0023995596	0.9999891483
72.0000000000	78.0000000000	13.0360978233	-0.0711227780	0.2445394762	0.0005132247	-0.0017712146	-0.0079232459	0.9999669102
72.0000000000	81.0000000000	18.8611602841	-0.0884409137	0.3535568610	0.0020306243	-0.0057235628	0.0007833706	0.9999812517
73.0000000000	79.0000000000	12.9957400094	-0.0453059770	0.2455665945	0.0034487795	0.0011769990	-0.0042337558	0.9999843978
73.0000000000	82.0000000000	19.5806691469	0.0311358931	0.4028570050	-0.0018351613	-0.0064553401	0.0076173350	0.9999484672
74.0000000000	80.0000000000	12.8714313436	0.0243210022	0.2170409186	0.0016087763	-0.0005024486	0.0019811936	0.9999966171
74.0000000000	82.0000000000	16.9584158509	0.1297964397	0.3062086252	-0.0048639532	-0.0048124899	0.0104249601	0.9999222480
75.0000000000	80.0000000000	11.1124664600	0.0474713173	0.2473737835	-0.0009391459	-0.0026718699	0.0028942791	0.9999918011
75.0000000000	82.0000000000	15.1988285941	0.1608700680	0.3537702283	-0.0074261064	-0.0069661225	0.0113348106	0.9998839173
76.0000000000	80.0000000000	9.3656578983	0.0568836483	0.1971283873	-0.0006645014	-0.0015442975	0.0038850170	0.9999910401
76.0000000000	83.0000000000	15.0662094565	0.2408009052	0.3296779141	-0.0082932271	-0.0004612660	0.0163961764	0.9998310732
77.0000000000	81.0000000000	8.4221733200	0.0851529209	0.0321112685	0.0040054932	0.0029882578	0.0086993822	0.9999496723
77.0000000000	84.0000000000	14.0804571422	0.3203380593	0.0842092898	-0.0024794403	0.0096496255	0.0234249283	0.9996759524
78.0000000000	83.0000000000	9.8914523128	0.2317745736	0.1876872097	-0.0048468400	0.0004970561	0.0177632576	0.9998303495
78.0000000000	86.0000000000	14.6161479185	0.5317903339	0.2471014108	-0.0068947890	0.0023760740	0.0352939087	0.9993503671
79.0000000000	83.0000000000	8.1977728312	0.1942530808	0.2132547959	-0.0064257268	-0.0022347206	0.0159436334	0.9998497470
79.0000000000	89.0000000000	19.0600239340	1.0975726107	0.3859346735	-0.0058905681	-0.0033851723	0.0603433001	0.9981545612
80.0000000000	84.0000000000	7.2934885516	0.2017144231	0.1432938562	-0.0077653969	0.0033859306	0.0181252979	0.9997998338
80.0000000000	90.0000000000	18.8229909725	1.3000913433	0.2221813095	-0.0068282188	0.0077675413	0.0740731775	0.9971991803
81.0000000000	86.0000000000	8.7987904945	0.3039390155	0.0883289051	-0.0082979359	0.0064243358	0.0266155369	0.9995906589
81.0000000000	92.0000000000	20.8522932878	1.8511825059	0.0721591624	-0.0057423078	0.0053493411	0.1009379383	0.9948617708
82.0000000000	87.0000000000	8.6808958438	0.3379453281	0.0312201359	-0.0034127524	0.0071009558	0.0298887066	0.9995221832
82.0000000000	92.0000000000	18.4153711227	1.6195831370	0.0101731410	-0.0004127591	0.0057288400	0.0959982526	0.9953649308
83.0000000000	90.0000000000	13.1454438587	0.8296779186	0.1511707826	0.0007719456	0.0061878833	0.0616276352	0.9980797307
83.0000000000	95.0000000000	21.9195802807	2.6740002853	0.2381856716	0.0048519180	-0.0037485956	0.1296236278	0.9915443117
84.0000000000	90.0000000000	11.5608564215	0.6778347743	0.1708790585	0.0008067822	0.0039380999	0.0560210304	0.9984214965
84.0000000000	95.0000000000	20.3546838527	2.4234141609	0.2977616121	0.0046775639	-0.0060159025	0.1240602764	0.9922454218
85.0000000000	91.0000000000	11.4733535729	0.7363323228	0.2054514732	-0.0022503434	0.0021817839	0.0616466416	0.9980931156
85.0000000000	95.0000000000	18.7968538179	2.1785324937	0.3280625099	0.0028073011	-0.0074429263	0.1180332757	0.9929777781
86.0000000000	92.0000000000	12.1178098398	0.9024621329	0.1595140589	0.0020092640	-0.0017289106	0.0744253345	0.9972230660
86.0000000000	96.0000000000	18.7362128438	2.3121678294	0.2776720774	0.0043700556	-0.0054434490	0.1203381670	0.9927084149
87.0000000000	94.0000000000	12.7460919983	1.1935566124	0.1658253801	0.0044274739	0.0014382684	0.0913066771	0.9958119399
87.0000000000	97.0000000000	17.9214610224	2.3612553242	0.2655995149	0.0049057687	0.0015469900	0.1200871379	0.9927500287
88.0000000000	94.0000000000	11.2129643060	1.0250467918	0.2136799304	0.0023412819	-0.0017192598	0.0849090566	0.9963844713
88.0000000000	99.0000000000	19.3585972707	2.9052319066	0.4054628274	-0.0020350103	-0.0074634828	0.1253346598	0.9920843604
89.0000000000	96.0000000000	12.6675057540	1.4276180209	0.0924401685	0.0021253439	-0.0019033128	0.0936129312	0.9956045799
89.0000000000	100.0000000000	19.4164902430	3.0176730442	0.1372435629	-0.0041380357	0.0031320480	0.1208359615	0.9926589230
90.0000000000	97.0000000000	11.9405555828	1.2511009427	0.2733624776	0.0011658585	-0.0025040259	0.0843804742	0.9964297799
90.0000000000	100.0000000000	17.2290725660	2.3518519175	0.3857652247	-0.0055326979	-0.0043068531	0.1036720395	0.9945868230
91.0000000000	98.0000000000	11.9736390946	1.2284624694	0.2641642195	-0.0033096288	-0.0004382469	0.0788450282	0.9968812948
91.0000000000	101.0000000000	17.2982527334	2.2414668297	0.3967153035	-0.0037665450	-0.0079885028	0.0973992831	0.9952061980
92.0000000000	99.0000000000	11.3062993563	0.9959262903	0.1405234088	-0.0023130675	-0.0024568366	0.0657872319	0.9978279680
92.0000000000	102.0000000000	16.6692399807	1.8717026083	0.2169115921	-0.0048751632	-0.0065502053	0.0841005552	0.9964238176
93.0000000000	99.0000000000	9.8128915640	0.7203977410	0.2429009859	-0.0036355268	-0.0086335716	0.0533492636	0.9985319727
93.0000000000	103.0000000000	16.7216674842	1.7077257756	0.4364532140	-0.0070252390	-0.0096061321	0.0762956836	0.9970142110
94.0000000000	100.0000000000	10.6796765769	0.7159133340	0.1910212795	-0.0062762685	-0.0012213842	0.0483232734	0.9988112824
94.0000000000	103.0000000000	15.2797565415	1.2872084506	0.3040154522	-0.0080937398	-0.0061713904	0.0636415120	0.9979209203
95.0000000000	100.0000000000	8.4392748900	0.4554631615	0.0156785753	-0.0077966451	0.0064182716	0.0355616631	0.9993164595
95.0000000000	105.0000000000	16.8490406147	1.3790669613	0.1047486007	-0.0085800897	0.0017077224	0.0629564820	0.9979779292
96.0000000000	101.0000000000	8.4765451662	0.4120599914	0.0297972908	-0.0054796302	0.0018648772	0.0328095627	0.9994448601
96.0000000000	105.0000000000	15.3508267734	1.0895429728	0.1199612839	-0.0065519194	0.0008922808	0.0547748134	0.9984768380
97.0000000000	102.0000000000	8.4817392684	0.3829761016	0.1573721866	-0.0082186835	-0.0091961992	0.0301003925	0.9994707847
97.0000000000	106.0000000000	15.3215609646	1.0080209588	0.3490950755	-0.0075772334	-0.0077085278	0.0516809481	0.9986051491
98.0000000000	103.0000000000	8.4946626006	0.3445382282	0.2270326247	-0.0032028228	-0.0087006164	0.0284980832	0.9995508494
98.0000000000	106.0000000000	13.7970710307	0.7848546419	0.4091223801	-0.0020969754	-0.0104089965	0.0454401167	0.9989106323
99.0000000000	103.0000000000	6.9769410948	0.2444570404	0.0779790408	-0.0032440312	-0.0008868084	0.0230194289	0.9997293612
99.0000000000	108.0000000000	15.2416037864	0.9125162680	0.2363974245	-0.0014137474	-0.0004442969	0.0482247904	0.9988354086
100.0000000000	105.0000000000	8.4521607007	0.3212474829	0.2070827863	-0.0011366848	-0.0048844697	0.0273819374	0.9996124646
100.0000000000	110.0000000000	15.7230536215	0.9200185966	0.3937795571	0.0046115931	0.0011006575	0.0473451342	0.9988673386
101.0000000000	106.0000000000	8.3999500223	0.3096880845	0.1516059956	-0.0008999437	-0.0028709153	0.0268524775	0.9996348795
101.0000000000	111.0000000000	15.4829815707	0.8655527675	0.2663070336	0.0054890529	0.0029853470	0.0450346061	0.9989658864
102.0000000000	108.0000000000	9.8318225562	0.3871849964	0.1095065236	0.0015502372	0.0034046077	0.0298791012	0.9995465195
102.0000000000	112.0000000000	15.7918080118	0.8574312397	0.1390257505	0.0089238927	0.0080959326	0.0436504417	0.9989742033
103.0000000000	109.0000000000	9.7315297735	0.3652263100	0.1648878622	0.0056208185	0.0075489439	0.0285343738	0.9995485028
103.0000000000	112.0000000000	14.2507137164	0.7005061034	0.2132938318	0.0092123762	0.0049709878	0.0390171609	0.9991837081
104.0000000000	110.0000000000	9.5707495510	0.3355667066	0.1526029430	0.0066109931	0.0059096529	0.0269652185	0.9995970427
104.0000000000	113.0000000000	13.8115565718	0.6270987290	0.2030150377	0.0104855641	0.0054719057	0.0364935109	0.9992638965
105.0000000000	112.0000000000	10.4393283108	0.3683066464	0.1492227424	0.0083064218	0.0048678531	0.0269538995	0.9995903134
105.0000000000	115.0000000000	14.3289180735	0.6402694603	0.2090817958	0.0133191160	0.0010287900	0.0408517365	0.9990759122
106.0000000000	112.0000000000	8.9438473754	0.2614332135	0.0886839316	0.0081643835	0.0066586220	0.0220651658	0.9997010223
106.0000000000	115.0000000000	12.8360990354	0.4954864809	0.1342248816	0.0131837835	0.0027972260	0.0359569946	0.9992624570
107.0000000000	113.0000000000	8.5718271288	0.2236591532	0.0112896314	0.0094097829	0.0107609415	0.0202915772	0.9996919075
107.0000000000	116.0000000000	12.8411030136	0.5387545001	0.0280383773	0.0080610548	0.0144880403	0.0459226674	0.9988074012
108.0000000000	114.0000000000	8.0899250805	0.1947637903	0.1051930956	0.0083543026	0.0029629328	0.0185332739	0.9997889499
108.0000000000	117.0000000000	12.5250577916	0.5740040419	0.1707630251	0.0126681375	0.0105785611	0.0675405820	0.9975800129
109.0000000000	113.0000000000	5.6302288925	0.1051569446	0.1484249444	0.0049993024	-0.0021583898	0.0130722614	0.9998997271
109.0000000000	117.0000000000	11.0785182497	0.4961748747	0.3059704950	0.0082881467	0.0036795023	0.0642892648	0.9978901033
110.0000000000	115.0000000000	7.0451728229	0.1613759860	0.1707013868	0.0070985751	-0.0047855647	0.0209770852	0.9997433023
110.0000000000	120.0000000000	13.3880885859	2.2417966702	0.3130185713	-0.0092477828	-0.0036218145	0.3146140428	0.9491677223
111.0000000000	115.0000000000	5.7397626092	0.1134486461	0.1217355578	0.0064376450	-0.0028659756	0.0178389410	0.9998160406
111.0000000000	120.0000000000	12.0960666438	2.1543185534	0.2367443573	-0.0093042271	-0.0015470007	0.3116628406	0.9501459424
112.0000000000	118.0000000000	8.0820675734	0.7065798082	0.1689473292	-0.0030300279	-0.0049529220	0.1293840949	0.9915775529
112.0000000000	122.0000000000	12.0688931959	4.7301340787	0.2131318600	-0.0072366655	-0.0004675803	0.5288624899	0.8486765455
113.0000000000	118.0000000000	6.9844381480	0.6672841644	0.1449696984	-0.0046592697	-0.0051895022	0.1268745550	0.9918942522
113.0000000000	122.0000000000	10.9915890376	4.6706823523	0.1801490207	-0.0088102950	-0.0000012727	0.5267047185	0.8500026577
114.0000000000	120.0000000000	8.1751351009	1.9541675806	0.1342169510	-0.0114585548	-0.0002190832	0.3034553680	0.9527767279
114.0000000000	125.0000000000	10.6885122716	8.2069461456	0.0996207311	0.0005894731	0.0098844043	0.6810314577	0.7321872060
115.0000000000	121.0000000000	7.4044685260	2.8706220952	0.0308809450	-0.0122273782	-0.0004075988	0.4006830395	0.9161350484
115.0000000000	126.0000000000	9.0400615743	9.7096585461	-0.0730817970	-0.0007686246	0.0134114230	0.7102096492	0.7038620583
116.0000000000	121.0000000000	5.9980564680	2.6371274936	0.1343313662	-0.0113464613	-0.0097885672	0.3875538420	0.9217252635
116.0000000000	126.0000000000	7.8275463624	9.4276561231	0.1227222168	-0.0032787303	0.0042128945	0.7001996249	0.7139271578
117.0000000000	121.0000000000	4.9405404154	2.3412522234	0.0920508320	-0.0169040600	-0.0092975618	0.3638055475	0.9312751107
117.0000000000	127.0000000000	7.1428868757	10.2583637995	0.0001461790	-0.0090953670	0.0052858333	0.6956567077	0.7182973474
118.0000000000	122.0000000000	4.8860681366	2.8655903662	0.0209159824	-0.0020452978	0.0030736193	0.4146373770	0.9099792389
118.0000000000	131.0000000000	7.9500446617	16.1601041777	0.0118550712	0.0050051262	0.0098714505	0.6644778158	0.7472260270
119.0000000000	123.0000000000	4.7298258401	2.7366841909	0.0778675363	0.0011593549	-0.0010712073	0.3947487021	0.9187877723
119.0000000000	131.0000000000	9.5157916639	14.2497725177	0.1986713768	0.0050124029	0.0026965671	0.5866845404	0.8097955633
120.0000000000	124.0000000000	5.0223860682	2.8513532573	0.0702328886	0.0103175818	0.0010102522	0.3859506661	0.9224611701
120.0000000000	131.0000000000	10.6517401397	12.4237495351	0.2291929825	0.0096755304	0.0017940135	0.5171650043	0.8558291441
121.0000000000	125.0000000000	4.8997529416	2.2847287349	0.0224124910	0.0144588971	0.0054416946	0.3219797959	0.9466204833
121.0000000000	131.0000000000	11.7271698770	9.7202719698	0.0983570560	0.0125952437	0.0056540541	0.4172467558	0.9086883604
122.0000000000	126.0000000000	5.0119469856	1.7976968361	0.0300646578	0.0089492046	0.0014134991	0.2441255710	0.9697013042
122.0000000000	131.0000000000	12.0426190065	6.4109375053	0.0862612113	0.0081336515	0.0032517901	0.2948688039	0.9554975971
123.0000000000	127.0000000000	5.1228387633	1.4536674615	0.0339389309	0.0043518214	-0.0005624345	0.1867109018	0.9824051020
123.0000000000	131.0000000000	11.6460816916	4.4534678714	0.0815015063	0.0053594932	0.0020466638	0.2193642963	0.9756261541
124.0000000000	130.0000000000	8.5440783325	2.0353073033	0.0348014000	-0.0002109924	0.0021545260	0.1442296843	0.9895418696
124.0000000000	134.0000000000	16.4569754905	4.4946750793	0.0518034130	-0.0001290753	0.0034164984	0.1497943466	0.9887112645
125.0000000000	130.0000000000	7.6680532553	1.2555219902	0.0286479260	-0.0021520780	0.0021637693	0.0998496618	0.9949978551
125.0000000000	135.0000000000	18.4547195997	3.5823140179	0.0505627037	0.0011945478	0.0027745121	0.1068151511	0.9942743075
126.0000000000	131.0000000000	8.3770074248	0.7350952007	0.0292913397	-0.0002866682	0.0024558847	0.0526556787	0.9986096665
126.0000000000	135.0000000000	17.0285924314	1.7283120011	0.0490262789	0.0025893855	0.0026967380	0.0571068240	0.9983610736
127.0000000000	132.0000000000	8.8015226931	0.5165926415	0.0296605276	0.0019488417	0.0018748747	0.0343816966	0.9994051160
127.0000000000	135.0000000000	15.8525590598	1.0555770102	0.0447993055	0.0044053672	0.0026906295	0.0377877882	0.9992724535
128.0000000000	131.0000000000	5.2009545335	0.1455298761	0.0241687694	0.0004719426	0.0012756823	0.0150854393	0.9998852831
128.0000000000	135.0000000000	13.9026360195	0.4859878899	0.0648902155	0.0033496984	0.0014053089	0.0195462627	0.9998023546
129.0000000000	133.0000000000	7.9948516941	0.1559246666	0.0427095711	0.0006026472	0.0024338611	0.0098355319	0.9999484864
129.0000000000	137.0000000000	17.3131815033	0.4313697347	0.1345181148	0.0009652174	-0.0036476091	0.0136986373	0.9998990502
130.0000000000	135.0000000000	11.0336938679	0.1368758686	0.0746949811	0.0033742461	0.0002601205	0.0070114342	0.9999696928
130.0000000000	138.0000000000	17.8285794934	0.2916008336	0.1747324026	0.0005615051	-0.0014492016	0.0087264636	0.9999607159
131.0000000000	135.0000000000	8.7078613130	0.0778464449	0.0627348456	0.0028737281	0.0000884102	0.0044651719	0.9999858980
131.0000000000	138.0000000000	15.5034134973	0.1980626994	0.1648965069	0.0000563627	-0.0016128835	0.0061806031	0.9999795976
132.0000000000	136.0000000000	8.9581880234	0.0784937603	0.0579051253	0.0024003471	-0.0024502613	0.0048943399	0.9999821398
132.0000000000	139.0000000000	16.8446221131	0.2037147745	0.1740504569	0.0005444176	0.0009125399	0.0052094618	0.9999858661
133.0000000000	137.0000000000	9.3213886602	0.0922398309	0.1369560051	0.0002933640	-0.0060822718	0.0038679405	0.9999739791
133.0000000000	140.0000000000	16.2687336533	0.1813484253	0.2669391072	0.0006033912	-0.0007665566	0.0043063014	0.9999902520
134.0000000000	137.0000000000	7.5577859355	0.0687200963	0.1058413397	0.0001124822	-0.0053733625	0.0030454060	0.9999809197
134.0000000000	140.0000000000	14.5054388059	0.1464318699	0.2259506199	0.0004271942	-0.0000578167	0.0034825838	0.9999938429
135.0000000000	138.0000000000	6.7963373546	0.0601134761	0.1028468295	-0.0028250568	-0.0016837602	0.0017200750	0.9999931127
135.0000000000	141.0000000000	13.7490063206	0.1272368379	0.1933716381	-0.0026025204	0.0022596188	0.0026896960	0.9999904432
136.0000000000	139.0000000000	7.8877568162	0.0484765579	0.0770786525	-0.0018386743	0.0033725899	0.0003115731	0.9999925739
136.0000000000	141.0000000000	11.8631823046	0.0793876396	0.0977264977	-0.0025019894	0.0054472037	0.0012076203	0.9999813047
137.0000000000	140.0000000000	6.9488915138	0.0354079235	0.0454236164	0.0003332430	0.0053146041	0.0004348443	0.9999857273
137.0000000000	143.0000000000	13.8993056413	0.0915863920	0.0630767543	0.0011583833	0.0060948741	0.0035151272	0.9999745769
138.0000000000	141.0000000000	6.9531223538	0.0427553272	0.0674200320	0.0002309435	0.0039402255	0.0009803841	0.9999917300
138.0000000000	145.0000000000	15.8314691349	0.1379107766	0.1441354885	-0.0018988840	0.0030218929	0.0043453262	0.9999841901
139.0000000000	141.0000000000	3.9752136132	0.0283105643	0.0475715902	-0.0006657069	0.0020731952	0.0008976214	0.9999972265
139.0000000000	145.0000000000	12.8532317865	0.1222226736	0.1572873060	-0.0028018814	0.0011580620	0.0042594016	0.9999863328
140.0000000000	143.0000000000	6.9498811163	0.0501732116	0.0914936718	0.0008091017	0.0007809839	0.0030843691	0.9999946110
140.0000000000	148.0000000000	17.7535965042	0.1427817754	0.2335256695	-0.0000854570	0.0058911417	-0.0005317356	0.9999825020
141.0000000000	145.0000000000	8.8776355768	0.0778018408	0.1466425462	-0.0021439675	-0.0009154284	0.0033567425	0.9999916488
141.0000000000	149.0000000000	17.7220507372	0.1165571083	0.2664834811	0.0000754615	0.0037694741	-0.0016108294	0.9999915953
142.0000000000	146.0000000000	8.8469815475	0.0837415026	0.1395496272	-0.0034497816	-0.0010654810	0.0016193884	0.9999921706
142.0000000000	149.0000000000	15.7267459663	0.0891181277	0.2231152281	-0.0001669498	0.0041282204	-0.0022430688	0.9999889492
143.0000000000	148.0000000000	10.8038416342	0.0262033624	0.1588103142	-0.0008759585	0.0051099720	-0.0036208816	0.9999800048
143.0000000000	149.0000000000	12.7639932341	0.0205942315	0.1724908090	-0.0006364165	0.0042981024	-0.0040989974	0.9999821596
144.0000000000	148.0000000000	8.8378571614	0.0005101892	0.1163373665	0.0000588920	0.0056910881	-0.0043241693	0.9999744545
144.0000000000	151.0000000000	15.6799717673	-0.0343199577	0.1602341669	0.0009408670	0.0042360513	-0.0042441877	0.9999815786
145.0000000000	149.0000000000	8.8446879164	-0.0211027190	0.1036841956	0.0022305879	0.0046880658	-0.0049595175	0.9999742245
145.0000000000	152.0000000000	15.6600081040	-0.0538950496	0.1540749055	0.0029157488	0.0039653501	-0.0036907151	0.9999810763
146.0000000000	149.0000000000	6.8799127227	-0.0174301699	0.0688621199	0.0032870871	0.0052016679	-0.0038480036	0.9999736649
146.0000000000	153.0000000000	15.6282763435	-0.0369840523	0.1189571020	0.0047876723	0.0078799753	-0.0018307868	0.9999558152
147.0000000000	151.0000000000	9.7978295999	-0.0067326444	0.0600110904	0.0044052395	0.0050074803	-0.0015884152	0.9999764977
147.0000000000	154.0000000000	16.5304474187	0.0186063569	0.0793371664	0.0060752007	0.0075089253	0.0008802786	0.9999529654
148.0000000000	152.0000000000	8.7742718400	0.0371490204	0.1590649651	0.0009263094	-0.0015277176	0.0007964209	0.9999980869
148.0000000000	156.0000000000	18.3262268330	0.1234151675	0.2967460477	-0.0013744721	0.0004400284	0.0010614271	0.9999983953
149.0000000000	153.0000000000	8.7472544378	0.0483974457	0.1410088288	0.0014798052	0.0026907347	0.0020160991	0.9999932527
149.0000000000	158.0000000000	21.0401128879	0.1482294689	0.3027762667	-0.0001554812	0.0009895535	-0.0002134590	0.9999994755
150.0000000000	154.0000000000	9.6515370838	0.0670405322	0.1002163103	0.0023623832	0.0041320640	0.0031574019	0.9999836879
150.0000000000	158.0000000000	19.0788699445	0.1425795495	0.1851857971	-0.0000946208	0.0032473362	-0.0000815212	0.9999947196
151.0000000000	154.0000000000	6.7319709789	0.0471900608	0.0864338631	0.0016536908	0.0025150330	0.0024659408	0.9999924295
151.0000000000	159.0000000000	18.0068039757	0.1108768563	0.2316581084	-0.0005835097	0.0008275759	-0.0011758539	0.9999987960
152.0000000000	156.0000000000	9.5524473328	0.0712796338	0.1083464027	-0.0022988056	0.0019698189	0.0002666978	0.9999953821
152.0000000000	159.0000000000	16.0738056053	0.0754912178	0.1975473466	-0.0006225579	0.0009038100	-0.0018871567	0.9999976171
153.0000000000	158.0000000000	12.2921091555	0.0508448223	0.2276956504	-0.0016327149	-0.0017011896	-0.0022314373	0.9999947304
153.0000000000	160.0000000000	16.8529823557	0.0426118025	0.3320854260	-0.0016190690	-0.0048880575	-0.0039249023	0.9999790401
154.0000000000	159.0000000000	11.2741444171	0.0086530013	0.2018128366	-0.0022321974	-0.0016879667	-0.0036446200	0.9999894423
154.0000000000	160.0000000000	13.9876133071	-0.0007664445	0.2596168287	-0.0024373717	-0.0040729154	-0.0049378442	0.9999765439
155.0000000000	159.0000000000	9.3583039475	0.0042637587	0.1583638293	-0.0002129082	-0.0008651674	-0.0033260718	0.9999940717
155.0000000000	161.0000000000	13.8404454613	-0.0129608337	0.2558488004	-0.0010711321	-0.0025943962	-0.0047049315	0.9999849926
156.0000000000	159.0000000000	6.5209654260	0.0002660107	0.1149028024	0.0016802026	-0.0010615055	-0.0021529935	0.9999957074
156.0000000000	161.0000000000	11.0030980870	-0.0067992297	0.2141572035	0.0008242748	-0.0027891286	-0.0035353041	0.9999895214
157.0000000000	159.0000000000	4.6427286503	0.0003211434	0.0785561691	0.0019862462	-0.0007294484	-0.0014930477	0.9999966468
157.0000000000	162.0000000000	11.6862097438	-0.0038565614	0.2348677539	0.0010753497	-0.0026213345	-0.0028731736	0.9999918585
158.0000000000	161.0000000000	6.3298002288	0.0128026311	0.1327964918	-0.0006367957	-0.0025327846	-0.0017793734	0.9999950066
158.0000000000	163.0000000000	11.3312525463	0.0226282852	0.2522664048	-0.0009275104	-0.0020279069	-0.0015986261	0.9999962358
159.0000000000	161.0000000000	4.4823159575	0.0125528387	0.0897294728	-0.0008536623	-0.0017317873	-0.0013785067	0.9999971859
159.0000000000	164.0000000000	11.0704915468	0.0312311614	0.2296318601	-0.0008822953	0.0008030842	-0.0010873443	0.9999986971
160.0000000000	164.0000000000	8.3575387077	0.0427389554	0.1411681045	-0.0006872332	0.0031849567	0.0002131552	0.9999946691
160.0000000000	167.0000000000	13.4757650000	0.0625824331	0.1933513930	0.0038464136	0.0050268323	0.0033785298	0.9999742605
161.0000000000	164.0000000000	6.5885452570	0.0366228657	0.1171291806	-0.0000316219	0.0025345796	0.0002933771	0.9999967444
161.0000000000	167.0000000000	11.7066927925	0.0571995655	0.1759962526	0.0044998068	0.0043747471	0.0034629036	0.9999743105
162.0000000000	166.0000000000	7.7660431616	0.0393147811	0.1106093434	0.0029835572	0.0050465564	0.0016212272	0.9999815010
162.0000000000	168.0000000000	10.4818884685	0.0630694499	0.1387500259	0.0074233584	0.0037207269	0.0091714858	0.9999234640
163.0000000000	166.0000000000	5.3255310603	0.0217851466	0.0718029870	0.0032193220	0.0043771380	0.0014452888	0.9999841938
163.0000000000	169.0000000000	9.9449114402	0.1155594447	0.1292192428	0.0108776749	0.0035533686	0.0261886245	0.9995915194
164.0000000000	167.0000000000	5.1177953481	0.0175683839	0.0848116962	0.0045239199	0.0018387892	0.0031810670	0.9999830168
164.0000000000	169.0000000000	8.3578453454	0.1052056479	0.1385259177	0.0105651419	0.0015295195	0.0260974916	0.9996024006
165.0000000000	168.0000000000	4.9128529446	0.0302250408	0.0915127427	0.0060425884	-0.0005670510	0.0087812885	0.9999430257
165.0000000000	170.0000000000	8.0432383750	0.1982891519	0.1550528885	0.0121417276	0.0004258550	0.0443059224	0.9989441337
166.0000000000	169.0000000000	4.6189600873	0.0809209185	0.0972920547	0.0075499974	-0.0007534459	0.0247796936	0.9996641419
166.0000000000	173.0000000000	10.2009649264	1.2349919255	0.2129461229	0.0025524748	0.0041746070	0.1752434523	0.9845129709
167.0000000000	169.0000000000	3.2403274808	0.0675603705	0.0649293322	0.0059997158	-0.0002241117	0.0229297532	0.9997190503
167.0000000000	173.0000000000	8.8266720356	1.2013434499	0.1713745854	0.0011109002	0.0049404980	0.1734158744	0.9848356675
168.0000000000	172.0000000000	5.9909235857	0.5937815572	0.1036925424	0.0028747407	0.0040383585	0.1065998577	0.9942896449
168.0000000000	176.0000000000	10.7035086634	3.3524105886	0.1353423397	-0.0245969754	0.0014110627	0.3545318018	0.9347193157
169.0000000000	172.0000000000	4.1032158614	0.4161319958	0.0691664970	-0.0002812308	0.0037224445	0.0894725270	0.9959822946
169.0000000000	177.0000000000	9.8304216121	4.0768348184	0.0437481053	-0.0329820948	0.0065338241	0.4091610714	0.9118424799
170.0000000000	173.0000000000	4.4299414114	0.6817193531	0.0692244237	-0.0075362450	0.0061578061	0.1325887848	0.9911233529
170.0000000000	182.0000000000	11.2888213430	11.6821101424	-0.3720529850	-0.0295313071	0.0192251251	0.6610211752	0.7495393935
171.0000000000	175.0000000000	4.9916455050	1.3352467469	0.0484992340	-0.0256927713	-0.0005115817	0.2118481722	0.9769646727
171.0000000000	182.0000000000	10.3887503499	10.8229327433	-0.3806343547	-0.0301991126	0.0193545997	0.6316655320	0.7744107881
172.0000000000	176.0000000000	5.1899400034	1.6972234051	0.0589858463	-0.0284248818	0.0012695387	0.2527629811	0.9671097610
172.0000000000	182.0000000000	9.9412867756	10.0986025235	-0.2870639849	-0.0279592127	0.0165806429	0.6059369852	0.7948482463
173.0000000000	178.0000000000	6.6272001249	3.3141784567	0.0097681906	-0.0234183966	0.0043006369	0.3865920314	0.9219434280
173.0000000000	183.0000000000	10.1108346455	10.3367549058	-0.2477735620	-0.0226207347	0.0139535522	0.5627821794	0.8261778376
174.0000000000	178.0000000000	5.8991392704	2.6334343115	0.0376135176	-0.0135205438	0.0027716289	0.3431576226	0.9391764259
174.0000000000	183.0000000000	10.0226382808	9.3041211247	-0.0938490911	-0.0129906004	0.0104992206	0.5237148706	0.8517298544
175.0000000000	180.0000000000	7.3531572404	4.3795288736	0.0080388687	-0.0025196588	0.0127136528	0.4208279701	0.9070478675
175.0000000000	185.0000000000	11.0908203959	9.6981171053	-0.0608553778	-0.0048374718	0.0075137915	0.4649691025	0.8852818057
176.0000000000	180.0000000000	6.4785532394	3.2236885197	0.0619645994	0.0020528695	0.0080295310	0.3517194186	0.9360687811
176.0000000000	186.0000000000	12.2537405301	9.3037986801	0.0787181192	0.0011649386	0.0011735744	0.3967350854	0.9179316628
177.0000000000	181.0000000000	6.6903792899	3.0505826412	0.1511710438	0.0037576326	0.0019123407	0.3044421024	0.9525215113
177.0000000000	187.0000000000	13.1581379610	8.1347904594	0.2615080746	0.0023333912	-0.0102934348	0.3249132108	0.9456849401
178.0000000000	182.0000000000	5.9487149234	1.8003131342	0.0280159549	-0.0009419815	0.0054607143	0.1913541296	0.9815054204
178.0000000000	187.0000000000	12.5335714006	4.7048419174	0.0370716650	-0.0018414031	-0.0044851548	0.2027787048	0.9792125865
179.0000000000	182.0000000000	4.8030277780	0.9286583828	0.0170911571	-0.0020411031	0.0051590254	0.1209527757	0.9926427577
179.0000000000	187.0000000000	11.7337617733	2.8681297960	0.0279588139	-0.0036506567	-0.0046801247	0.1325249316	0.9911618998
180.0000000000	184.0000000000	5.2840869140	0.4523126976	0.0831513325	-0.0052998641	-0.0040318334	0.0478059152	0.9988344459
180.0000000000	188.0000000000	11.0689543810	1.0501334087	0.1836767229	-0.0051052152	-0.0102450033	0.0475535339	0.9988031028
181.0000000000	186.0000000000	6.8888057683	0.3204645746	0.0962777104	-0.0017539794	-0.0057226586	0.0221502552	0.9997367358
181.0000000000	192.0000000000	16.7516559517	0.8112442491	0.2826956689	-0.0101438308	-0.0045749051	0.0221160338	0.9996934800
182.0000000000	187.0000000000	7.1931307614	0.2182812205	0.0887084275	-0.0028504949	-0.0095880674	0.0116377385	0.9998822464
182.0000000000	193.0000000000	17.4852501088	0.5048086654	0.2357705370	-0.0040932689	0.0004802748	0.0119161128	0.9999205072
183.0000000000	188.0000000000	6.9637826466	0.1042098468	0.0844503919	-0.0034288261	-0.0074898082	0.0026950949	0.9999624405
183.0000000000	193.0000000000	15.8560217530	0.2062592064	0.1775254298	-0.0062819926	0.0015740400	0.0034085787	0.9999732199
184.0000000000	189.0000000000	7.2800626812	0.0598552745	0.0755659059	-0.0042436171	-0.0042391384	-0.0002400274	0.9999819817
184.0000000000	195.0000000000	20.1792093011	0.1003073916	0.1767874930	0.0000084560	-0.0011597826	-0.0002618904	0.9999992931
185.0000000000	190.0000000000	8.4197843028	0.0302357150	0.1094368641	-0.0047522879	-0.0002307395	-0.0017654226	0.9999871228
185.0000000000	196.0000000000	21.8046418015	0.0273956249	0.2263870301	0.0025617283	0.0020889773	-0.0024687834	0.9999914894
186.0000000000	190.0000000000	6.5352772078	0.0314823132	0.0588532049	-0.0059797233	0.0021156260	-0.0011058866	0.9999792718
186.0000000000	196.0000000000	19.9205298357	0.0462064670	0.1128335125	0.0013311025	0.0044392236	-0.0018292794	0.9999875875
187.0000000000	192.0000000000	8.5459671030	0.0496014495	-0.0228408496	-0.0049096738	0.0066327226	0.0005815391	0.9999657814
187.0000000000	196.0000000000	18.5899475621	0.0532889961	-0.0909465549	0.0047724119	0.0097502798	-0.0013051541	0.9999402246
188.0000000000	195.0000000000	14.3634494095	0.0667152269	-0.0588109558	0.0001109322	0.0050542853	0.0000222316	0.9999872206
188.0000000000	198.0000000000	21.8705033819	0.0413843966	-0.1068461981	0.0118446493	0.0160293121	-0.0015699240	0.9998001304
189.0000000000	195.0000000000	12.8995252775	0.0462424645	-0.0077862284	0.0042512399	0.0030804879	-0.0000268141	0.9999862183
189.0000000000	198.0000000000	20.4067028995	0.0201343973	-0.0264021829	0.0159879727	0.0140615349	-0.0015503447	0.9997721012
190.0000000000	196.0000000000	13.3848428233	0.0433457083	0.1109679095	0.0073096854	0.0023359403	-0.0006940093	0.9999703147
190.0000000000	198.0000000000	18.0693661265	0.0175655065	0.1282900119	0.0160836473	0.0096320420	-0.0013256297	0.9998233758
191.0000000000	196.0000000000	11.7316639163	0.0119017865	0.0987661861	0.0098094783	0.0024643937	-0.0010524252	0.9999482953
191.0000000000	199.0000000000	18.2577889992	-0.0107348262	0.1235569294	0.0172319130	0.0022440166	-0.0025585047	0.9998457279
192.0000000000	197.0000000000	11.9179953656	-0.0261656269	0.0828851784	0.0140810825	0.0056414284	-0.0019455483	0.9998830493
192.0000000000	200.0000000000	19.3405409579	-0.0545705049	0.1020990489	0.0181802319	0.0038001055	-0.0047855265	0.9998160516
193.0000000000	197.0000000000	10.1660017734	-0.0158689528	0.1565198316	0.0102962777	0.0021899331	-0.0016974278	0.9999431532
193.0000000000	200.0000000000	17.5882466361	-0.0406490244	0.2271160858	0.0144058274	0.0003390046	-0.0045162722	0.9998859737
194.0000000000	198.0000000000	10.3044416497	-0.0326739295	0.0545296904	0.0116495532	0.0106112557	-0.0023805215	0.9998730031
194.0000000000	200.0000000000	14.9165230328	-0.0414950718	0.0798909689	0.0113526406	0.0039864362	-0.0046927156	0.9999165987
195.0000000000	198.0000000000	7.5071521265	-0.0256659579	0.0278587526	0.0117418791	0.0109753945	-0.0015340447	0.9998696494
195.0000000000	201.0000000000	14.8569274499	-0.0329676909	0.0652026535	0.0081483233	0.0055710057	-0.0090985154	0.9999098888
196.0000000000	199.0000000000	6.5259508346	-0.0080957919	0.0572569036	0.0074269997	-0.0002270753	-0.0014856534	0.9999712901
196.0000000000	202.0000000000	14.7324519188	-0.1006596211	0.1651155717	0.0054137291	0.0020958673	-0.0254971782	0.9996580379
197.0000000000	200.0000000000	7.4219081687	0.0022062194	0.1033383562	0.0041192195	-0.0018727471	-0.0027907261	0.9999858682
197.0000000000	202.0000000000	12.8577356560	-0.0843999922	0.2011093571	0.0010978846	-0.0005410219	-0.0253430939	0.9996780629
198.0000000000	201.0000000000	7.3471688953	0.0180145767	0.1985429119	-0.0035022501	-0.0054984639	-0.0075394039	0.9999503280
198.0000000000	204.0000000000	14.4307669995	-0.5799551459	0.3713141680	0.0055115976	-0.0027256498	-0.0856329282	0.9963077811
199.0000000000	202.0000000000	8.2067873887	-0.0665933560	0.1053122786	-0.0020197915	0.0021414803	-0.0240280977	0.9997069496
199.0000000000	206.0000000000	17.5448889614	-2.0088775690	0.2038132056	0.0050167286	-0.0086521121	-0.1828183446	0.9830958378
200.0000000000	203.0000000000	7.2056794561	-0.1897345418	0.1003016115	0.0001601573	0.0037840579	-0.0416523320	0.9991249864
200.0000000000	208.0000000000	18.7184487650	-3.8005900844	0.3204812232	0.0045995915	-0.0094702221	-0.2379974602	0.9712087147
201.0000000000	204.0000000000	7.0932661829	-0.4920015765	0.0909998052	0.0085503491	0.0030941010	-0.0781569569	0.9968995978
201.0000000000	208.0000000000	16.0198089117	-3.6488934019	0.2937251383	0.0081110014	-0.0097789658	-0.2328908516	0.9724198860
202.0000000000	206.0000000000	9.4201527739	-1.4918958612	0.1317507516	0.0076003510	-0.0102650780	-0.1591496390	0.9871718469
202.0000000000	210.0000000000	18.2568930078	-5.7385560442	0.3929330701	0.0166180566	-0.0082717973	-0.2569548822	0.9662451066
203.0000000000	207.0000000000	9.3303481215	-1.6845931644	0.2182821422	0.0051295520	-0.0147236624	-0.1673329159	0.9857771537
203.0000000000	211.0000000000	19.1987835386	-6.3740248415	0.5398516891	0.0147561752	-0.0078916976	-0.2412506263	0.9703185620
204.0000000000	208.0000000000	9.3075624803	-1.7230175019	0.3011763338	0.0012561959	-0.0141147318	-0.1560587263	0.9876461260
204.0000000000	212.0000000000	19.7374063974	-5.9390748989	0.6482511965	0.0003462776	-0.0097745541	-0.2012809052	0.9794847295
205.0000000000	210.0000000000	12.1101719443	-2.3505522329	0.3466477886	0.0056537973	-0.0071904534	-0.1489063559	0.9888089953
205.0000000000	212.0000000000	17.6362176950	-4.0432612577	0.4414191307	-0.0040234540	-0.0051091670	-0.1526945330	0.9882520366
206.0000000000	211.0000000000	12.5093845567	-1.8270748066	0.0988841630	0.0075890065	0.0059147105	-0.1029461004	0.9946403991
206.0000000000	214.0000000000	21.4087109594	-3.5947602592	0.1005310632	-0.0067258639	0.0046220293	-0.1011949502	0.9948331426
207.0000000000	212.0000000000	13.7789175600	-1.5722832579	0.0297081583	-0.0022617051	0.0056125575	-0.0763754458	0.9970607680
207.0000000000	214.0000000000	19.8509356521	-2.4444528440	0.0147554262	-0.0069336722	0.0060541080	-0.0738510691	0.9972268005
208.0000000000	212.0000000000	11.2269985455	-0.7935409738	0.0439341597	-0.0022040468	0.0039725434	-0.0459297501	0.9989343418
208.0000000000	214.0000000000	17.3409138506	-1.2938307677	0.0481125981	-0.0068912739	0.0042708461	-0.0434088319	0.9990244960
209.0000000000	213.0000000000	11.5912248486	-0.3499152921	-0.0122550621	-0.0036535933	0.0071667625	-0.0184941880	0.9997966062
209.0000000000	215.0000000000	17.8473555389	-0.5220572966	-0.0106264714	-0.0097444061	0.0052199449	-0.0186474322	0.9997650084
210.0000000000	213.0000000000	8.8159169324	0.0157830589	0.0427814631	-0.0117105698	0.0027956572	-0.0026960109	0.9999238863
210.0000000000	215.0000000000	15.0741201071	0.0427425561	0.0976974243	-0.0177685779	0.0007513992	-0.0028594769	0.9998377551
211.0000000000	214.0000000000	9.0718956312	0.0932889509	0.1212874754	-0.0141168909	-0.0027472664	0.0016867533	0.9998951549
211.0000000000	216.0000000000	15.4114136088	0.1348581252	0.2369601034	-0.0178847742	-0.0014494963	-0.0021375564	0.9998367190
212.0000000000	215.0000000000	9.2933106893	0.1006259984	0.0878334785	-0.0078673528	0.0001211897	0.0009078638	0.9999686324
212.0000000000	219.0000000000	20.8449401561	0.1103488643	0.2306667019	-0.0112321626	0.0025345346	-0.0062791734	0.9999139896
213.0000000000	215.0000000000	6.2575612747	0.0589939116	0.0909149247	-0.0060525887	-0.0020582827	-0.0002045630	0.9999795437
213.0000000000	222.0000000000	23.9784469954	-0.0677123379	0.3784669897	-0.0108645457	0.0018441803	-0.0160769353	0.9998100284
214.0000000000	219.0000000000	14.7111571507	-0.0277501365	0.1811024955	-0.0065198343	0.0025153976	-0.0087722088	0.9999371045
214.0000000000	224.0000000000	25.9593849142	-0.3354334746	0.2916110337	-0.0085006317	0.0039740254	-0.0221493218	0.9997106351
215.0000000000	222.0000000000	17.7219697695	-0.1224901528	0.2130849292	-0.0048463539	0.0039971180	-0.0158385582	0.9998548275
215.0000000000	225.0000000000	26.7718338666	-0.4255516063	0.3107118373	-0.0062831436	-0.0003660495	-0.0212614636	0.9997541389
216.0000000000	222.0000000000	14.5413979338	-0.0644154056	0.2055263802	-0.0042173578	0.0026924892	-0.0136481118	0.9998943411
216.0000000000	225.0000000000	23.5922221341	-0.3278857556	0.3264114308	-0.0056375567	-0.0016703389	-0.0190757870	0.9998007513
219.0000000000	225.0000000000	15.2235973536	-0.1951380840	0.2383605203	-0.0028664783	-0.0028118629	-0.0141110809	0.9998923713
219.0000000000	228.0000000000	21.1071913003	-0.3287914024	0.3504160920	-0.0016238832	-0.0003513959	-0.0118303638	0.9999286385
220.0000000000	225.0000000000	13.1527401008	-0.1251911615	0.2008816190	-0.0016353280	-0.0027086434	-0.0112768331	0.9999314086
220.0000000000	228.0000000000	19.0370196247	-0.2257239883	0.3115429607	-0.0003994613	-0.0002474533	-0.0089931269	0.9999594506
221.0000000000	225.0000000000	11.0977081498	-0.0636429439	0.1737932651	-0.0008071954	-0.0029656534	-0.0081608792	0.9999619760
221.0000000000	229.0000000000	18.9273109269	-0.1345215178	0.3230211411	0.0008449323	-0.0014086436	-0.0045736846	0.9999881915
222.0000000000	225.0000000000	9.0538784635	-0.0175709416	0.1684507936	-0.0013462895	-0.0043586062	-0.0054506049	0.9999747402
222.0000000000	229.0000000000	16.8833064830	-0.0458409139	0.3394407409	0.0002966243	-0.0027951583	-0.0018619351	0.9999943161
223.0000000000	227.0000000000	10.9606188507	0.0003514128	0.2217647199	0.0002352564	-0.0025069586	-0.0015962019	0.9999955560
223.0000000000	231.0000000000	18.6555322243	0.0666552453	0.3986629349	0.0005683900	-0.0043162236	0.0054311136	0.9999757748
224.0000000000	228.0000000000	9.8576422495	0.0461801367	0.2158545445	0.0003602132	-0.0018787154	0.0015403356	0.9999969840
224.0000000000	231.0000000000	15.6070306221	0.1318582836	0.3499332531	0.0010024754	-0.0042597756	0.0077256691	0.9999605809
225.0000000000	229.0000000000	7.8304703527	0.0567207766	0.1027676373	0.0016500196	0.0015676178	0.0035836320	0.9999909888
225.0000000000	233.0000000000	15.3335195874	0.2139111173	0.2152331841	0.0006272209	0.0029098078	0.0084215102	0.9999601081
226.0000000000	231.0000000000	9.6608239937	0.1094136728	0.1550089126	0.0012336520	-0.0008308213	0.0078936976	0.9999677382
226.0000000000	235.0000000000	17.6984306092	0.2530204855	0.2771905286	-0.0010797541	0.0026038165	-0.0020585864	0.9999939082
227.0000000000	231.0000000000	7.6954518343	0.0909422173	0.1382755632	0.0003536426	-0.0018071209	0.0070268436	0.9999736160
227.0000000000	239.0000000000	22.1641457776	-0.0496541234	0.3738705783	0.0054486671	0.0027668973	-0.0344526285	0.9993876489
228.0000000000	233.0000000000	9.4478887461	0.1392379567	0.1828789967	-0.0006011625	0.0004473807	0.0061350168	0.9999808998
228.0000000000	240.0000000000	21.8817051502	-0.2366078214	0.3915957897	0.0077030438	0.0034767345	-0.0420794866	0.9990785216
229.0000000000	234.0000000000	9.2908110704	0.1318843507	0.1648347160	-0.0020342618	0.0015039631	0.0031567753	0.9999918173
229.0000000000	243.0000000000	23.8983508498	-0.6666298716	0.3728739414	0.0069176979	0.0046783632	-0.0449681136	0.9989535160
230.0000000000	236.0000000000	11.5383679215	0.0253948438	0.1776289036	0.0000654683	0.0034924454	-0.0156420673	0.9998715539
230.0000000000	244.0000000000	23.1435609209	-0.8873808537	0.3186174417	0.0062072068	0.0040855052	-0.0373110186	0.9992760715
231.0000000000	237.0000000000	11.1514764728	-0.1063508255	0.1482204265	0.0024339440	0.0047487500	-0.0254831089	0.9996610108
231.0000000000	246.0000000000	22.9891099695	-0.7440836468	0.2533818612	-0.0007424326	0.0018940992	0.0871480787	0.9961932913
232.0000000000	237.0000000000	9.2869400684	-0.1332135688	0.1434320072	0.0027419029	0.0035310921	-0.0261946508	0.9996468645
232.0000000000	247.0000000000	22.3376632302	-0.3372617271	0.2852203464	-0.0000476991	0.0083954456	0.1755649900	0.9844320436
233.0000000000	240.0000000000	12.4280745340	-0.5286321000	0.2192969394	0.0083436637	0.0030077529	-0.0482025059	0.9987982054
233.0000000000	247.0000000000	20.5026260310	-0.3157923792	0.3208706908	0.0006062317	0.0066396977	0.1763263540	0.9843091810
234.0000000000	241.0000000000	12.0402862333	-0.6512344279	0.2134341047	0.0108529297	0.0041833034	-0.0514830174	0.9986061350
234.0000000000	249.0000000000	20.9353377428	1.5223453795	0.2799783017	0.0030375557	0.0010366028	0.3774908319	0.9260077594
235.0000000000	245.0000000000	14.1732170793	-0.6881663419	0.2368053065	0.0041828838	0.0002293173	0.0143400425	0.9998884008
235.0000000000	250.0000000000	19.2098575546	3.0073649998	0.2487032564	0.0025207324	0.0038234125	0.4576984125	0.8890957151
236.0000000000	247.0000000000	14.5589257038	0.2561758105	0.2577618945	-0.0008157505	0.0054173167	0.1937005097	0.9810454117
236.0000000000	251.0000000000	18.0766404052	4.2657943000	0.2310337535	0.0003643106	0.0099486088	0.5120977594	0.8588694763
237.0000000000	247.0000000000	13.0421484396	0.4807159968	0.2332022458	-0.0035867797	0.0053965291	0.2012666785	0.9795150518
237.0000000000	252.0000000000	17.1066950393	6.2412302560	0.1536253888	-0.0027156203	0.0179979733	0.5860493321	0.8100709097
238.0000000000	247.0000000000	11.6241695208	0.6623669991	0.2125701507	-0.0046817465	0.0051803261	0.2082551907	0.9780496005
238.0000000000	252.0000000000	15.6060346292	6.4802237984	0.1246633232	-0.0038852881	0.0182387198	0.5918045493	0.8058657637
239.0000000000	247.0000000000	9.6978139294	0.8602785384	0.1580638212	-0.0062784211	0.0060739226	0.2168960761	0.9761556131
239.0000000000	252.0000000000	13.5759744322	6.7473523562	0.0454709929	-0.0050759698	0.0196936140	0.5988832276	0.8005780885
240.0000000000	249.0000000000	10.0593285038	2.9760900402	0.1050965325	-0.0067728283	0.0020084488	0.4201425208	0.9074306349
240.0000000000	252.0000000000	11.8137770056	6.9301912053	0.0148914365	-0.0075115933	0.0197538597	0.6042663912	0.7965020335
241.0000000000	249.0000000000	8.6236610132	3.0783781906	0.0828604452	-0.0086492842	0.0014146722	0.4246398788	0.9053199224
241.0000000000	254.0000000000	10.6928466183	9.7218651667	-0.1184044356	-0.0074495207	0.0211485300	0.6742045218	0.7382042449
242.0000000000	249.0000000000	7.1873340382	3.1022504285	0.0669272966	-0.0105649586	0.0007207871	0.4260677066	0.9046293006
242.0000000000	255.0000000000	9.3025196349	12.0733531017	-0.2342346544	-0.0076627461	0.0191955046	0.6997091551	0.7141287792
243.0000000000	251.0000000000	7.2883724606	5.2471842831	-0.0156973784	-0.0069597414	0.0118195053	0.5393243124	0.8419864295
243.0000000000	255.0000000000	8.2754957077	11.9633320394	-0.2309726839	-0.0035641627	0.0186996412	0.6962169035	0.7175790155
244.0000000000	250.0000000000	5.7576540925	4.1005860211	-0.0246596968	-0.0056680414	0.0063203578	0.4836234020	0.8752350150
244.0000000000	255.0000000000	7.3622149207	11.7839876722	-0.2518659985	-0.0019654611	0.0191125699	0.6886901399	0.7248011712
245.0000000000	251.0000000000	5.7028637664	4.4931791403	-0.0284757661	-0.0009085897	0.0114822169	0.4929538934	0.8699791906
245.0000000000	257.0000000000	7.7476513415	14.4392854552	-0.2294080435	0.0074261010	0.0147405710	0.6778731266	0.7349936005
246.0000000000	252.0000000000	6.5229876576	4.9414037238	-0.0560853004	0.0038156172	0.0182041079	0.4912656588	0.8708111758
246.0000000000	257.0000000000	9.2073199677	12.8966336850	-0.1803704308	0.0118865615	0.0132128826	0.6147274779	0.7885393188
247.0000000000	253.0000000000	6.7781452768	4.7428604527	-0.0058128156	0.0022154870	0.0136528716	0.4548965047	0.8904368932
247.0000000000	258.0000000000	10.7823402646	12.7306946293	-0.0844273759	0.0048372342	0.0045614275	0.5507226539	0.8346618196
248.0000000000	253.0000000000	6.2831992839	3.2360932760	-0.0130796430	0.0069996601	0.0133291035	0.3611104432	0.9324015163
248.0000000000	259.0000000000	12.9070197315	11.8389293692	-0.0497585199	0.0054565366	0.0018478849	0.4656799498	0.8849344585
249.0000000000	255.0000000000	8.2657197892	4.0869987836	-0.1403872452	0.0082869714	0.0127226109	0.3289074421	0.9442400944
249.0000000000	260.0000000000	15.0146630469	10.2895531442	-0.1997494930	0.0053024285	0.0067083617	0.3709950421	0.9285954775
250.0000000000	255.0000000000	7.3615825024	2.7311180234	-0.0950136539	0.0072784576	0.0091940578	0.2523308701	0.9675699589
250.0000000000	260.0000000000	15.0136028194	7.7778571599	-0.1171544920	0.0036974328	0.0035302670	0.2955306797	0.9553195714
251.0000000000	257.0000000000	9.5854127396	3.3563615647	-0.0335332202	0.0066111905	0.0001081135	0.2275161063	0.9737518687
251.0000000000	261.0000000000	16.5049328795	7.0946579262	0.0076989818	-0.0001037537	-0.0005369819	0.2464328779	0.9691597070
252.0000000000	257.0000000000	8.1979423206	1.8157458752	0.0603915379	0.0026424917	-0.0063425430	0.1480950623	0.9889492615
252.0000000000	264.0000000000	21.8981358610	6.7214298403	0.2824186284	-0.0040516809	-0.0018218610	0.1810052463	0.9834720970
253.0000000000	258.0000000000	8.8188083597	1.4369973994	0.0945508885	-0.0029858725	-0.0083142266	0.1107550421	0.9938084719
253.0000000000	264.0000000000	21.1428902143	4.5709129029	0.3142780609	-0.0060476567	-0.0027299337	0.1329386254	0.9911020609
254.0000000000	259.0000000000	9.4061656845	1.0969092890	0.1167799090	-0.0059065225	-0.0077460364	0.0773683309	0.9969549906
254.0000000000	264.0000000000	20.0308368428	2.9782216267	0.2845181359	-0.0050670059	-0.0017391066	0.0956819377	0.9953975426
255.0000000000	260.0000000000	9.1415931043	0.6677115682	0.0944494884	-0.0052020404	-0.0041495263	0.0448982519	0.9989694025
255.0000000000	265.0000000000	21.3859663592	2.1133646303	0.2173662621	-0.0065317428	-0.0004422024	0.0625744622	0.9980188262
256.0000000000	261.0000000000	9.5846747050	0.5565998974	0.0769842978	-0.0066729837	-0.0020543334	0.0338501582	0.9994025304
256.0000000000	265.0000000000	19.7842959474	1.5033202646	0.1425084501	-0.0081238917	0.0013113497	0.0480835980	0.9988094164
257.0000000000	264.0000000000	14.5378899411	0.6777016155	0.0260132495	-0.0057274803	0.0055142890	0.0333881454	0.9994108366
257.0000000000	265.0000000000	18.0825527699	0.9380159972	0.0200636812	-0.0080169115	0.0044103607	0.0337131762	0.9993896635
258.0000000000	264.0000000000	12.7135720177	0.3428682019	0.0207051471	-0.0022479707	0.0058000757	0.0223881002	0.9997300029
258.0000000000	266.0000000000	18.6774554988	0.6384709195	0.0059749555	-0.0028478714	0.0069028050	0.0218535054	0.9997332970
259.0000000000	265.0000000000	14.3399139753	0.3722018704	0.0076529178	-0.0008713422	0.0047317673	0.0187258217	0.9998130799
259.0000000000	267.0000000000	19.1528178688	0.5571612281	-0.0020217356	0.0014447905	0.0081169015	0.0172702412	0.9998168669
260.0000000000	265.0000000000	12.3252847578	0.3405818175	0.0301591458	-0.0010934872	0.0036673151	0.0177254852	0.9998355676
260.0000000000	268.0000000000	19.5273962022	0.6022207371	0.0367315649	0.0011682106	0.0065849037	0.0155434806	0.9998568270
261.0000000000	266.0000000000	12.6564202247	0.3264388878	0.0308425691	0.0004102634	0.0054873280	0.0134229154	0.9998947676
261.0000000000	268.0000000000	17.4442359668	0.4656438200	0.0431581060	0.0009617050	0.0062258550	0.0120885518	0.9999070861
262.0000000000	266.0000000000	10.4944658665	0.2076956696	0.0160474260	0.0005729525	0.0056824056	0.0088813436	0.9999442503
262.0000000000	269.0000000000	17.6685472810	0.3475043940	0.0347422208	0.0003289604	0.0054376106	0.0069521577	0.9999609951
263.0000000000	267.0000000000	10.6631768805	0.1291935689	0.0356279897	0.0009900200	0.0055055034	0.0034135459	0.9999785283
263.0000000000	270.0000000000	19.0214056733	0.2062626514	0.0808199205	-0.0007666792	0.0053315024	0.0012186390	0.9999847510
264.0000000000	267.0000000000	8.3702082865	0.0307331054	0.0807808319	0.0000595948	0.0023111761	-0.0011401853	0.9999966774
264.0000000000	270.0000000000	16.7283380097	0.0318484202	0.1792751459	-0.0016908658	0.0021430813	-0.0033405308	0.9999906945
265.0000000000	269.0000000000	9.5921037451	0.0037723421	0.0848119661	0.0015151549	0.0019068035	-0.0027693282	0.9999931996
265.0000000000	273.0000000000	21.3977781427	-0.0327759673	0.1830300297	-0.0024995032	0.0046451605	-0.0051126716	0.9999730174
266.0000000000	270.0000000000	10.7571195771	0.0149653963	0.1480793955	-0.0011163431	0.0010270505	-0.0028056761	0.9999949136
266.0000000000	273.0000000000	18.9799342700	-0.0038689906	0.2491461879	-0.0042470762	0.0024870948	-0.0042872493	0.9999786979
267.0000000000	272.0000000000	13.0724475134	0.0119281385	0.2161333232	-0.0028543230	0.0010969476	-0.0031849683	0.9999902527
267.0000000000	275.0000000000	21.2041136911	-0.0084512799	0.3147564104	-0.0045658546	0.0021159273	-0.0041268145	0.9999788224
268.0000000000	273.0000000000	14.1902481629	0.0234712186	0.2050608075	-0.0048158512	0.0017485769	-0.0029601247	0.9999824937
268.0000000000	276.0000000000	21.1151198850	-0.0018403804	0.2868752695	-0.0026396505	0.0010354378	-0.0032353966	0.9999907461
269.0000000000	273.0000000000	11.8052321096	0.0292120308	0.1432483125	-0.0040177169	0.0027237103	-0.0023551876	0.9999854461
269.0000000000	276.0000000000	18.7302733150	0.0120786314	0.2115172803	-0.0018413527	0.0020121034	-0.0026331497	0.9999928137
270.0000000000	274.0000000000	10.5395208536	0.0311323779	0.1449033697	-0.0038114322	0.0017321397	-0.0018571680	0.9999895117
270.0000000000	278.0000000000	20.8439838816	0.0620138867	0.2764035934	-0.0002876613	0.0021434227	0.0047711970	0.9999862792
271.0000000000	276.0000000000	12.7859458660	0.0303069844	0.1230222595	-0.0010514583	0.0020595857	-0.0012481551	0.9999965473
271.0000000000	279.0000000000	20.7266999713	0.1187476536	0.2032581066	-0.0011082925	0.0028500945	0.0079456933	0.9999637566
272.0000000000	277.0000000000	13.8568787560	0.0420251952	0.2095550956	0.0022127303	0.0008845247	0.0027697947	0.9999933248
272.0000000000	279.0000000000	18.3722916404	0.1253578489	0.2743313452	0.0000766566	0.0002575357	0.0084134000	0.9999645706
273.0000000000	278.0000000000	12.6207444141	0.0712766727	0.1954482171	0.0028354950	0.0006751268	0.0062606365	0.9999761540
273.0000000000	284.0000000000	27.0410322912	0.4420912125	0.3840920790	0.0022380486	0.0015870959	0.0084473363	0.9999605566
274.0000000000	279.0000000000	12.5475349081	0.1163228565	0.2042456365	0.0027710958	-0.0002291611	0.0092959410	0.9999529259
274.0000000000	284.0000000000	24.7236728548	0.4493583140	0.3647926991	0.0029130652	0.0013028293	0.0088231062	0.9999559838
275.0000000000	280.0000000000	12.4770601744	0.1681328550	0.2150456441	0.0018437357	0.0002743605	0.0111894854	0.9999356583
275.0000000000	284.0000000000	22.4162679461	0.4479943544	0.3523608730	0.0019237060	0.0007585377	0.0088804444	0.9999584300
276.0000000000	284.0000000000	20.1165996484	0.4395159642	0.2478386041	0.0000648563	0.0023114583	0.0087171408	0.9999593314
276.0000000000	285.0000000000	23.3971356366	0.4867391276	0.2838882574	0.0023526402	0.0029410231	0.0052707711	0.9999790170
277.0000000000	284.0000000000	16.6938009648	0.3042493286	0.2402484944	-0.0019949754	0.0009205647	0.0051628454	0.9999842587
277.0000000000	285.0000000000	19.9744767154	0.3283484346	0.2853922239	0.0002998342	0.0015348891	0.0017183657	0.9999973007
278.0000000000	284.0000000000	14.4235444143	0.1913504837	0.2065238084	-0.0005931529	0.0009218982	0.0021837570	0.9999970147
278.0000000000	286.0000000000	19.8824943195	0.1967257156	0.2778383925	0.0006368715	0.0024021464	-0.0036246235	0.9999903430
279.0000000000	284.0000000000	12.1803047032	0.1074723501	0.1537392418	0.0001560887	0.0015292873	-0.0004771178	0.9999987046
279.0000000000	287.0000000000	19.8083310949	0.0616414083	0.2435289320	0.0001881048	0.0014426757	-0.0083728278	0.9999638889
280.0000000000	285.0000000000	13.2235334610	0.0327570183	0.1902134953	0.0023868690	0.0010832867	-0.0057521901	0.9999800206
280.0000000000	287.0000000000	17.5705070063	-0.0158865456	0.2479620316	0.0001261245	0.0003917718	-0.0102056038	0.9999478368
286.0000000000	296.0000000000	24.5207991479	0.0153084441	0.4261229980	-0.0056621800	-0.0017879004	0.0004940133	0.9999822494
287.0000000000	296.0000000000	22.3527263319	0.1025621327	0.3174970895	-0.0044754374	-0.0002220718	0.0025899712	0.9999866065
287.0000000000	297.0000000000	24.4359000776	0.1121728743	0.3629206974	-0.0028872708	-0.0025522591	0.0024300629	0.9999896222
296.0000000000	306.0000000000	21.6375602223	-0.0920135075	0.3223649522	0.0003871546	0.0043783200	-0.0042942328	0.9999811198
296.0000000000	307.0000000000	23.2670034248	-0.0771161406	0.3395656355	-0.0012310391	0.0041768659	-0.0000576711	0.9999905175
297.0000000000	306.0000000000	19.5554513263	-0.0830196848	0.1868436412	-0.0012056725	0.0067050834	-0.0041313537	0.9999682596
297.0000000000	307.0000000000	21.1849510395	-0.0675237039	0.1963916038	-0.0028139545	0.0065100776	0.0001092865	0.9999748440
298.0000000000	306.0000000000	17.4838010368	-0.0564807158	0.1813045810	-0.0031590237	0.0060408345	-0.0034589842	0.9999707817
298.0000000000	307.0000000000	19.1132652757	-0.0387066620	0.1929237450	-0.0047699602	0.0058529971	0.0007809780	0.9999711896
299.0000000000	306.0000000000	14.4059904671	-0.0162237781	0.2010502759	-0.0032405863	0.0038354468	-0.0019720165	0.9999854494
299.0000000000	307.0000000000	16.0353267318	0.0064217733	0.2198369352	-0.0048605668	0.0036455410	0.0022644018	0.9999789785
306.0000000000	311.0000000000	7.2822078152	0.3280222756	0.1787297692	0.0008975721	-0.0020106797	0.0473983547	0.9988736394
306.0000000000	317.0000000000	14.7613590590	2.8763517929	0.3597409799	-0.0059472094	-0.0038195859	0.2942137243	0.9557135166
307.0000000000	312.0000000000	6.8373046139	0.4072955649	0.1773558576	0.0005334077	-0.0022810120	0.0610505366	0.9981319274
307.0000000000	319.0000000000	15.9377353196	6.4827563419	0.3624182335	-0.0244978994	0.0049246038	0.5230134700	0.8519580456
308.0000000000	314.0000000000	7.5018382550	0.7352412943	0.1778403024	-0.0021928450	-0.0006278198	0.0993083410	0.9950540944
308.0000000000	320.0000000000	14.9513393386	7.6326562056	0.2647289503	-0.0229259078	0.0055756365	0.5739360753	0.8185601362
309.0000000000	314.0000000000	6.0545520114	0.5870540541	0.1230913254	-0.0036121219	0.0011639729	0.0893392871	0.9959940208
309.0000000000	319.0000000000	13.1296925043	5.9983088257	0.1939260394	-0.0244394597	0.0086617207	0.5092905865	0.8602039211
310.0000000000	317.0000000000	8.9118504269	2.0891433857	0.1571147551	-0.0052303521	-0.0003577485	0.2628527753	0.9648217110
310.0000000000	324.0000000000	13.8772816808	14.0239501375	-0.1201420896	-0.0234192963	0.0064787834	0.6582624461	0.7523962479
311.0000000000	317.0000000000	7.6875213454	1.8289374334	0.1465462875	-0.0063877858	-0.0013477164	0.2485984587	0.9685846304
311.0000000000	324.0000000000	13.0032781709	13.6117473567	-0.1367400773	-0.0248241532	0.0063681198	0.6470655282	0.7620035503
312.0000000000	318.0000000000	8.3754659090	3.0100888609	0.1484307475	-0.0115879968	-0.0012625685	0.3546702788	0.9349187759
312.0000000000	324.0000000000	12.2902004856	13.1264603070	-0.1168352637	-0.0230266748	0.0057336601	0.6333326336	0.7735157869
313.0000000000	319.0000000000	8.8187580109	4.4956090676	0.1215732783	-0.0220532443	0.0086392533	0.4515021762	0.8919556057
313.0000000000	324.0000000000	11.6766880846	12.5888653009	-0.1113929220	-0.0218447471	0.0055123637	0.6169966767	0.7866431985
314.0000000000	321.0000000000	9.6878703174	7.6050943758	0.0295067903	-0.0248675635	0.0042073728	0.5509173046	0.8341786534
314.0000000000	326.0000000000	12.0280511272	15.3435798482	-0.1716026248	-0.0203381617	0.0028290081	0.6110535376	0.7913228988
315.0000000000	322.0000000000	9.7066474872	8.5219179448	-0.0276639258	-0.0212345185	0.0047798865	0.5468747516	0.8369314511
315.0000000000	327.0000000000	12.2741977859	16.0306301058	-0.2080095122	-0.0186097941	0.0051171350	0.5903814440	0.8068935748
316.0000000000	323.0000000000	9.6507869130	8.3845282234	-0.1663034492	-0.0211953873	0.0089924920	0.5094589352	0.8601868890
316.0000000000	328.0000000000	13.4441439474	16.6206755674	-0.4198971458	-0.0191609204	0.0132977163	0.5463069703	0.8372602487
317.0000000000	323.0000000000	9.1789231062	6.3133792607	-0.1326160189	-0.0183431941	0.0085716768	0.4192657213	0.9076377628
317.0000000000	329.0000000000	15.4384410438	14.8652019814	-0.3682421313	-0.0151547788	0.0145102902	0.4613152145	0.8869881944
318.0000000000	324.0000000000	9.6406319731	4.9784973436	-0.0964743094	-0.0097314403	0.0071649664	0.3178669868	0.9480583004
318.0000000000	331.0000000000	19.2861003085	13.0471402958	-0.2357460738	-0.0062530555	0.0126833726	0.3502442376	0.9365516565
319.0000000000	326.0000000000	11.3488273134	3.9105691324	0.1965200863	-0.0053443122	-0.0078647683	0.2106973223	0.9775051008
319.0000000000	333.0000000000	22.9872482902	9.6056530426	0.4196190322	-0.0018946608	0.0000456890	0.2299665258	0.9731966940
320.0000000000	327.0000000000	11.7577520570	2.7942882688	0.1506450906	-0.0041450214	-0.0041446326	0.1477277627	0.9890106920
320.0000000000	333.0000000000	22.6348376593	6.4483688197	0.2987177552	-0.0007469525	0.0021809239	0.1643740582	0.9863953845
321.0000000000	328.0000000000	11.7625580011	1.4891245007	0.1769376211	0.0038784661	-0.0001898045	0.0812642175	0.9966850297
321.0000000000	333.0000000000	20.7905012832	3.1812953416	0.2993490179	0.0062484159	0.0022383638	0.0934838061	0.9955986767
322.0000000000	329.0000000000	11.7016165102	1.1173439619	0.1318391249	0.0045971264	0.0029454081	0.0609414629	0.9981264094
322.0000000000	334.0000000000	20.7856057468	2.4081395846	0.2188592165	0.0057207014	0.0049721144	0.0697314233	0.9975370070
323.0000000000	330.0000000000	12.1000884428	0.9350502599	0.1241917706	0.0059463992	0.0036039165	0.0504276571	0.9987035113
323.0000000000	336.0000000000	23.4047828527	2.2411036513	0.2160479431	0.0054960587	0.0050392532	0.0537727424	0.9985253584
324.0000000000	333.0000000000	16.3717641631	0.9183353871	0.1458831258	0.0042884259	0.0047420255	0.0356857280	0.9993426096
324.0000000000	336.0000000000	21.6174665185	1.3105327565	0.1807291552	0.0041795791	0.0053432077	0.0337259456	0.9994080957
325.0000000000	333.0000000000	15.0578711469	0.5969241593	0.0958005482	0.0052751399	0.0060442204	0.0262938703	0.9996220649
325.0000000000	337.0000000000	22.4796903905	0.9956897291	0.1318108736	0.0062995331	0.0078097217	0.0225428828	0.9996955249
326.0000000000	334.0000000000	14.4705874283	0.4607531312	0.0626009395	0.0053897294	0.0078935885	0.0197839158	0.9997585902
326.0000000000	337.0000000000	20.3793876685	0.6947568411	0.0817177570	0.0061999482	0.0086269946	0.0160060527	0.9998154539
327.0000000000	334.0000000000	12.9888642169	0.3740649121	0.0786545990	0.0045787426	0.0066983682	0.0168866178	0.9998244892
327.0000000000	339.0000000000	22.3020959378	0.6760225372	0.1273921880	0.0035106424	0.0045196796	0.0109465278	0.9999237078
328.0000000000	336.0000000000	14.4410256933	0.3543977903	0.1709763711	0.0024758610	0.0028746944	0.0102954021	0.9999398037
328.0000000000	339.0000000000	20.0164011240	0.4696819865	0.2406639750	0.0017379546	0.0011133940	0.0063409942	0.9999777656
329.0000000000	337.0000000000	15.0848504701	0.2817539284	0.2218438819	0.0020621378	0.0027050601	0.0050270075	0.9999815795
329.0000000000	342.0000000000	22.9615793238	0.3866982636	0.3477394716	-0.0028340543	-0.0022939789	0.0019523639	0.9999914470
330.0000000000	337.0000000000	13.5497567658	0.1766755406	0.2018679063	0.0007751158	0.0026040703	0.0015474814	0.9999951116
330.0000000000	342.0000000000	21.4270024525	0.2271821185	0.3291442988	-0.0041381247	-0.0023818979	-0.0015211867	0.9999874442
331.0000000000	337.0000000000	11.2543838448	0.0595209292	0.1670579356	0.0006925912	0.0025860871	-0.0025070500	0.9999932736
331.0000000000	343.0000000000	20.9961586525	0.0365823412	0.3350143775	-0.0031799886	-0.0016492473	-0.0045585975	0.9999831933
332.0000000000	337.0000000000	9.7248897555	0.0254228280	0.1446849119	0.0013404067	0.0026356838	-0.0033909503	0.9999898789
332.0000000000	343.0000000000	19.4666305869	-0.0149845582	0.3116557865	-0.0025360259	-0.0015948942	-0.0054450347	0.9999806881
333.0000000000	339.0000000000	10.8359320357	-0.0034356892	0.1777520267	-0.0008288496	-0.0011663818	-0.0059156290	0.9999814788
333.0000000000	345.0000000000	20.2341308966	-0.0404724765	0.3761084182	-0.0019123539	-0.0037164233	-0.0016942917	0.9999898302
334.0000000000	341.0000000000	12.5345640059	-0.0288665273	0.2427309588	-0.0032552319	-0.0040586551	-0.0068672651	0.9999628850
334.0000000000	346.0000000000	20.5138701098	-0.0417612504	0.4416693571	-0.0009836643	-0.0042530567	0.0011232406	0.9999898411
335.0000000000	341.0000000000	10.2768591531	-0.0267153959	0.1974005767	-0.0029519094	-0.0037332845	-0.0062460428	0.9999691674
335.0000000000	346.0000000000	18.2562989515	-0.0298087865	0.3911431590	-0.0006776139	-0.0039286901	0.0017436774	0.9999905329
336.0000000000	343.0000000000	11.9130439055	-0.0093155223	0.2397845224	-0.0026966579	-0.0031129700	-0.0038491653	0.9999841106
336.0000000000	348.0000000000	19.6486536464	0.0665812679	0.4275227858	-0.0010144426	-0.0018961024	0.0065621786	0.9999761565
337.0000000000	344.0000000000	10.9740182236	0.0305077111	0.2509567125	-0.0034728079	-0.0049951366	-0.0005955348	0.9999813166
337.0000000000	349.0000000000	18.5675748793	0.1572018816	0.4520318008	-0.0031442160	-0.0028008169	0.0081399737	0.9999580042
338.0000000000	344.0000000000	9.5739847828	0.0431462308	0.2544180719	-0.0028996404	-0.0060613329	0.0006774562	0.9999771964
338.0000000000	349.0000000000	17.1667540671	0.1890333635	0.4717772018	-0.0025831483	-0.0038715142	0.0094145157	0.9999448513
339.0000000000	346.0000000000	11.1978456870	0.1023872319	0.2205216494	0.0001094248	-0.0020718915	0.0070586862	0.9999729348
339.0000000000	350.0000000000	16.7258110093	0.2432996127	0.3299628243	-0.0018110211	-0.0000836018	0.0080948322	0.9999655929
340.0000000000	346.0000000000	9.8901235120	0.0968785621	0.1879364978	0.0015759896	-0.0013633970	0.0073820556	0.9999705809
340.0000000000	351.0000000000	16.8849150391	0.2697634269	0.3153376451	-0.0002428382	0.0000876053	0.0063803616	0.9999796120
341.0000000000	348.0000000000	10.8549553494	0.1748317285	0.1800276857	0.0019499035	0.0017177401	0.0114414215	0.9999311682
341.0000000000	351.0000000000	14.9749469216	0.2767502375	0.2458192796	0.0004844787	0.0012459412	0.0069820153	0.9999747319
342.0000000000	349.0000000000	10.6922916259	0.1943737923	0.1788831590	0.0018177685	0.0021300886	0.0112190799	0.9999331431
342.0000000000	353.0000000000	16.3192508280	0.2983726319	0.2666098551	0.0015459996	0.0029414340	0.0039852545	0.9999865377
343.0000000000	349.0000000000	8.8278721437	0.1658534270	0.1598665606	0.0007526328	0.0014076041	0.0102009255	0.9999466952
343.0000000000	353.0000000000	14.4548990640	0.2585989406	0.2556305741	0.0004869330	0.0022115248	0.0029659979	0.9999930374
344.0000000000	350.0000000000	9.1564190279	0.1648320646	0.1504205606	-0.0002373844	0.0020144991	0.0065324144	0.9999766062
344.0000000000	355.0000000000	15.9176789468	0.2202493633	0.2525443524	0.0003336715	0.0003321179	-0.0014056525	0.9999989013
345.0000000000	352.0000000000	10.1604316365	0.1312086405	0.1575088643	-0.0007361177	0.0022103077	0.0002476002	0.9999972557
345.0000000000	357.0000000000	16.8424934737	0.1228453272	0.2512585602	0.0018369176	0.0013940402	0.0028886994	0.9999931689
346.0000000000	352.0000000000	8.3610391664	0.0708286662	0.1304216609	-0.0019121501	0.0017326913	-0.0025911278	0.9999933137
346.0000000000	358.0000000000	16.4665474939	0.0911753283	0.2536321051	-0.0009062940	0.0003791704	0.0176226746	0.9998442260
347.0000000000	355.0000000000	11.1225665776	-0.0087273000	0.1890727880	-0.0011596856	-0.0006183791	-0.0086777714	0.9999614838
347.0000000000	360.0000000000	18.2585056135	0.1291474305	0.3049059529	-0.0025031993	-0.0006998783	0.0065556334	0.9999751336
348.0000000000	355.0000000000	9.4147025122	-0.0543083936	0.1811338916	-0.0009885721	-0.0016230705	-0.0103543160	0.9999445867
348.0000000000	360.0000000000	16.5508171299	0.0596165498	0.3113979859	-0.0023475767	-0.0017048228	0.0048776682	0.9999838953
349.0000000000	356.0000000000	9.8491063430	-0.0851239093	0.1937654247	0.0005453368	-0.0011776601	-0.0105016916	0.9999440135
349.0000000000	363.0000000000	19.5432860978	-0.0857778084	0.3552280091	0.0033352038	0.0001868550	-0.0264736842	0.9996439294
350.0000000000	357.0000000000	9.5122914699	-0.0584774185	0.1820447828	0.0025623460	-0.0010904204	-0.0009847076	0.9999956378
350.0000000000	366.0000000000	21.8289355189	-0.2812416259	0.3931024571	0.0091784017	-0.0055888784	-0.0333502278	0.9993859533
351.0000000000	358.0000000000	9.4691185737	0.0396107343	0.1735075147	0.0008767087	-0.0011162150	0.0186233655	0.9998255626
351.0000000000	366.0000000000	20.3633080474	-0.2019451948	0.3440300701	0.0090737153	-0.0050384563	-0.0313134827	0.9994557256
352.0000000000	359.0000000000	9.4899996153	0.1432244689	0.1750725615	-0.0011139931	-0.0015963881	0.0215854053	0.9997651128
352.0000000000	367.0000000000	20.1210636468	-0.1200178491	0.3426721829	0.0034060853	-0.0095824619	-0.0030457598	0.9999436476
353.0000000000	361.0000000000	11.3414820512	0.2237632148	0.2269594883	-0.0001125299	-0.0043249183	-0.0010938326	0.9999900429
353.0000000000	369.0000000000	21.3724482500	0.2700816198	0.4466595721	-0.0016060841	0.0006867267	0.0837783290	0.9964828852
354.0000000000	361.0000000000	10.2954544313	0.2469158302	0.2110095661	0.0000445993	-0.0045337165	0.0002262859	0.9999896961
354.0000000000	368.0000000000	18.9421678741	0.0663550990	0.3993053856	0.0026255423	-0.0051041915	0.0361026111	0.9993316042
355.0000000000	365.0000000000	13.5083501415	0.1118562362	0.1710691177	0.0012926988	0.0003859015	-0.0271413117	0.9996306964
355.0000000000	370.0000000000	19.7013212066	0.6248973470	0.3001127855	-0.0086064784	0.0075473758	0.0989001779	0.9950315173
356.0000000000	367.0000000000	14.6645969538	0.0311121069	0.2184203690	0.0022948599	-0.0088114346	0.0016236526	0.9999572271
357.0000000000	366.0000000000	12.3174959330	-0.1974971892	0.1852739924	0.0065867261	-0.0045755244	-0.0323616738	0.9994440463
358.0000000000	366.0000000000	10.8779881610	-0.6468205816	0.1469934831	0.0080671143	-0.0041184071	-0.0499269497	0.9987118003
359.0000000000	367.0000000000	10.6102702492	-0.7221842545	0.1325812353	0.0043075126	-0.0080540434	-0.0246453504	0.9996545325
360.0000000000	369.0000000000	11.5430137783	-0.2358382265	0.1827205804	-0.0002352994	0.0033459043	0.0715006637	0.9974349125
361.0000000000	370.0000000000	11.0571973949	0.3115518243	0.1368386541	-0.0080868072	0.0092123582	0.0971076609	0.9951983914
362.0000000000	370.0000000000	9.5022726823	0.5851904662	0.1690738004	-0.0108084572	0.0069216667	0.1092272827	0.9939339357
