idx1	idx2	t_1	t_2	t_3	q_1	q_2	q_3	q_4
0.0000000000	2.0000000000	4.7372760000	-0.0033000000	0.0585580000	0.0037060352	0.0022922718	-0.0000405004	0.9999905045
0.0000000000	4.0000000000	9.3826590000	0.0197670000	0.1108700000	0.0048203188	0.0013840198	0.0019462778	0.9999855304
0.0000000000	7.0000000000	15.7324320000	0.0858870000	0.1676270000	0.0062034688	0.0002130075	0.0056499493	0.9999647742
1.0000000000	3.0000000000	4.7288237085	0.0071496047	0.0288835144	0.0047103374	0.0020284083	0.0019588343	0.9999849305
1.0000000000	4.0000000000	7.5060397504	0.0346435610	0.0446229190	0.0047090276	0.0038712988	0.0030933899	0.9999766342
1.0000000000	8.0000000000	15.6474518602	0.1546618174	0.0803253148	0.0049951595	0.0023536339	0.0083275938	0.9999500787
2.0000000000	3.0000000000	1.8680996917	0.0023688542	0.0313318698	0.0011144318	-0.0027477929	0.0008647558	0.9999952299
2.0000000000	6.0000000000	8.3027674808	0.0567497706	0.1211361628	0.0020238755	-0.0001566243	0.0035065891	0.9999917916
2.0000000000	8.0000000000	12.7860489835	0.1263984062	0.1861422430	0.0013693018	-0.0023998683	0.0072336284	0.9999700197
3.0000000000	4.0000000000	2.7772172964	0.0168129704	0.0267991893	0.0000000383	0.0018482255	0.0011258723	0.9999976582
3.0000000000	7.0000000000	9.1271404531	0.0731407016	0.0771416518	0.0013840196	0.0006939555	0.0048345277	0.9999871150
3.0000000000	9.0000000000	12.7086031467	0.1377725513	0.1127181614	0.0002812112	0.0013193361	0.0077277926	0.9999692303
4.0000000000	6.0000000000	3.6578510456	0.0183609649	0.0410523753	0.0009169513	0.0007440511	0.0015122661	0.9999981593
4.0000000000	9.0000000000	9.9312409575	0.0985993796	0.1226240230	0.0002683766	-0.0005291524	0.0066024556	0.9999780275
4.0000000000	10.0000000000	11.6809602833	0.1308141352	0.1491335834	0.0003323439	-0.0001791625	0.0081188757	0.9999669701
5.0000000000	6.0000000000	1.8153523040	0.0107548431	0.0236781019	0.0002864471	-0.0005470195	0.0009135491	0.9999993921
5.0000000000	8.0000000000	6.2988796794	0.0573745328	0.0919909484	-0.0003753636	-0.0027820764	0.0046442621	0.9999852749
5.0000000000	12.0000000000	14.1285950416	0.2090444726	0.2092861466	0.0001200203	0.0016459216	0.0101704991	0.9999469173
6.0000000000	7.0000000000	2.6919579920	0.0155920060	0.0367282858	0.0004543692	-0.0018985266	0.0022010405	0.9999956723
6.0000000000	9.0000000000	6.2734786750	0.0614223408	0.0907770434	-0.0006542682	-0.0012675389	0.0050908957	0.9999860239
6.0000000000	12.0000000000	12.3137843581	0.1758908325	0.1720223792	-0.0001593420	0.0021957121	0.0092564570	0.9999547347
7.0000000000	9.0000000000	3.5818673155	0.0301072965	0.0404156553	-0.0011017537	0.0006347206	0.0028916824	0.9999950107
7.0000000000	10.0000000000	5.3318351743	0.0494016590	0.0628099445	-0.0010347209	0.0009865436	0.0044075751	0.9999892646
7.0000000000	13.0000000000	12.0496322198	0.1758300446	0.1195740012	-0.0019229518	0.0017044184	0.0080277328	0.9999644757
8.0000000000	10.0000000000	3.5400583980	0.0234488611	0.0406936832	0.0000822431	0.0013149347	0.0028760622	0.9999949962
8.0000000000	12.0000000000	7.8313188052	0.0788632367	0.0738096205	0.0005313007	0.0044234497	0.0055266180	0.9999748033
8.0000000000	15.0000000000	13.3842091093	0.2000987593	0.1301901649	-0.0014414475	0.0013293425	0.0093342060	0.9999545128
9.0000000000	12.0000000000	6.0413415997	0.0528650851	0.0660431878	0.0005178081	0.0034579175	0.0041673007	0.9999852040
9.0000000000	13.0000000000	8.4683539216	0.0965599917	0.0901754373	-0.0008213939	0.0010664280	0.0051367702	0.9999859007
9.0000000000	16.0000000000	13.8512429717	0.2126754161	0.1528734127	-0.0016574400	0.0027980590	0.0109870266	0.9999343523
10.0000000000	12.0000000000	4.2914058136	0.0307359933	0.0443958815	0.0004545121	0.0031074521	0.0026509355	0.9999915548
10.0000000000	13.0000000000	6.7185223649	0.0670741375	0.0702222344	-0.0008886538	0.0007180611	0.0036200949	0.9999927948
10.0000000000	16.0000000000	12.1016944126	0.1668740971	0.1366750169	-0.0017241179	0.0024513687	0.0094700134	0.9999506673
11.0000000000	13.0000000000	4.9851770897	0.0424309774	0.0479928336	-0.0007608982	0.0006699133	0.0023017125	0.9999968372
11.0000000000	14.0000000000	6.5649814420	0.0638571040	0.0709355745	-0.0010545440	0.0003709823	0.0033447847	0.9999937813
11.0000000000	16.0000000000	10.3685883294	0.1280195186	0.1149912129	-0.0015943655	0.0024035803	0.0081518599	0.9999626133
12.0000000000	13.0000000000	2.4270673823	0.0234993583	0.0408831737	-0.0013525023	-0.0023853727	0.0009660611	0.9999957737
12.0000000000	15.0000000000	5.5531741833	0.0599385245	0.1054137686	-0.0020066304	-0.0030810132	0.0038005214	0.9999860183
12.0000000000	17.0000000000	9.2568124722	0.1356700107	0.1658846089	-0.0039153840	-0.0007443465	0.0086912017	0.9999542883
13.0000000000	16.0000000000	5.3836555049	0.0606992414	0.0743241112	-0.0008334202	0.0017311517	0.0058509693	0.9999810372
13.0000000000	17.0000000000	6.8304740001	0.0986840009	0.0926991816	-0.0025429134	0.0016329502	0.0077334827	0.9999655296
13.0000000000	19.0000000000	10.9176014498	0.2136059241	0.1302623532	-0.0082141472	0.0006915285	0.0085347061	0.9999296017
14.0000000000	16.0000000000	3.8039179632	0.0386194895	0.0469887987	-0.0005348365	0.0020293337	0.0048090930	0.9999862341
14.0000000000	17.0000000000	5.2508230430	0.0735757852	0.0645206016	-0.0022438738	0.0019323542	0.0066921041	0.9999732230
14.0000000000	20.0000000000	10.6183935491	0.2024901180	0.1141663045	-0.0087138576	0.0005371171	0.0049965628	0.9999494060
15.0000000000	16.0000000000	2.2573756357	0.0176224675	0.0214948447	-0.0001763820	0.0024285639	0.0030176229	0.9999924824
15.0000000000	18.0000000000	5.7971850690	0.0905974725	0.0522691347	-0.0036061304	0.0034363277	0.0070306823	0.9999628778
15.0000000000	22.0000000000	12.1027177533	0.1928513404	0.0995083295	-0.0187515462	0.0058686486	-0.0079714676	0.9997751718
16.0000000000	18.0000000000	3.5399943260	0.0515970548	0.0479908286	-0.0034364338	0.0010174701	0.0040049682	0.9999855578
16.0000000000	19.0000000000	5.5351239774	0.0880285568	0.0753015789	-0.0073913627	-0.0009985691	0.0026703438	0.9999686194
16.0000000000	24.0000000000	12.8306310363	0.0203693001	0.1624045828	-0.0295748347	0.0020625046	-0.0332410622	0.9990075610
17.0000000000	19.0000000000	4.0882671003	0.0514671602	0.0513381649	-0.0056797190	-0.0008995105	0.0007898196	0.9999831538
17.0000000000	22.0000000000	8.3989528674	0.0628352286	0.1012195327	-0.0168194452	0.0036420314	-0.0129042416	0.9997686344
17.0000000000	25.0000000000	12.9448254060	-0.1758651736	0.1530301963	-0.0300124961	0.0037994264	-0.0514635966	0.9982165660
18.0000000000	20.0000000000	3.2755737911	0.0200552058	0.0538782488	-0.0047560453	-0.0024380989	-0.0038479074	0.9999783144
18.0000000000	23.0000000000	7.3928779492	-0.0152144333	0.1038061999	-0.0192344369	0.0034306456	-0.0220588215	0.9995657435
18.0000000000	25.0000000000	10.8505617731	-0.2451486169	0.1520085430	-0.0282295371	0.0028469919	-0.0536137678	0.9981585805
19.0000000000	23.0000000000	5.3979040638	-0.0214213633	0.0504732477	-0.0153229377	0.0054868235	-0.0206617043	0.9996540383
19.0000000000	25.0000000000	8.8563571466	-0.2423691248	0.0830882707	-0.0243856943	0.0050132774	-0.0522025693	0.9983261475
19.0000000000	29.0000000000	13.2294851284	-1.3491167599	0.1559450546	-0.0325161234	0.0003287005	-0.1997533107	0.9793064937
20.0000000000	23.0000000000	4.1176498373	-0.0039589655	0.0296652972	-0.0145470186	0.0058985154	-0.0181488897	0.9997120633
20.0000000000	25.0000000000	7.5771916297	-0.2076431440	0.0589417170	-0.0236232950	0.0054269067	-0.0496894097	0.9984705560
20.0000000000	28.0000000000	10.7546549995	-0.8221264688	0.1015443205	-0.0275368244	0.0008098704	-0.1347273090	0.9904996818
21.0000000000	24.0000000000	4.1525829214	-0.0534349599	0.0605944087	-0.0146694864	0.0001720696	-0.0277564801	0.9995070557
21.0000000000	27.0000000000	7.9278485582	-0.4753839389	0.1191146427	-0.0212599632	-0.0020153534	-0.0916491741	0.9955623442
21.0000000000	33.0000000000	13.4457931359	-4.6237768120	0.3204437155	-0.0242800713	-0.0048992520	-0.5057171231	0.8623437058
22.0000000000	25.0000000000	4.5500719058	-0.1234945765	0.0788495217	-0.0130777078	0.0006413075	-0.0386158678	0.9991683427
22.0000000000	27.0000000000	6.7655005279	-0.4120563119	0.1207304633	-0.0174619999	-0.0031263779	-0.0862062662	0.9961193623
22.0000000000	32.0000000000	11.4964438094	-3.1508485618	0.2562534454	-0.0227506355	-0.0049867743	-0.4027475440	0.9150147302
23.0000000000	25.0000000000	3.4641166430	-0.0793779098	0.0660084259	-0.0088971222	-0.0001700563	-0.0316143695	0.9994605265
23.0000000000	28.0000000000	6.6611876339	-0.5796885973	0.1300003008	-0.0123400899	-0.0035727134	-0.1168626837	0.9930649883
23.0000000000	33.0000000000	11.3025641012	-4.3490472279	0.2715575670	-0.0163362763	-0.0031484702	-0.4949620866	0.8687552855
24.0000000000	26.0000000000	2.7425826822	-0.0862805989	0.0364384764	-0.0056319299	0.0024397589	-0.0351139500	0.9993644678
24.0000000000	30.0000000000	6.9418930762	-1.3074457032	0.0976621244	-0.0069298661	-0.0007520990	-0.2315591971	0.9727958417
24.0000000000	34.0000000000	10.3705252977	-6.2219315686	0.1435852877	-0.0096861877	0.0066276142	-0.5941954769	0.8042350327
25.0000000000	28.0000000000	3.2223563268	-0.2983218459	0.0557887996	-0.0034049490	-0.0027523141	-0.0854342150	0.9963341939
25.0000000000	30.0000000000	5.4139266872	-1.1086893373	0.0941492668	-0.0043460845	-0.0022217583	-0.2156623612	0.9764557959
25.0000000000	34.0000000000	9.0010016555	-5.9088191674	0.1322670044	-0.0068965232	0.0062276055	-0.5809895851	0.8138579464
26.0000000000	29.0000000000	3.3079777961	-0.4996261093	0.0520848384	-0.0041121651	-0.0015475665	-0.1298411343	0.9915250753
26.0000000000	31.0000000000	5.2888318319	-1.5587750617	0.0770834656	-0.0048695627	-0.0031827216	-0.2798083816	0.9600382426
26.0000000000	35.0000000000	8.2855315645	-6.5934240087	0.0835193039	0.0045504186	0.0043259896	-0.6021582294	0.7983520816
27.0000000000	29.0000000000	2.2736560328	-0.3153709105	0.0164229093	-0.0038143723	0.0021342630	-0.1010707319	0.9948696410
27.0000000000	32.0000000000	5.1318563882	-1.8880294417	0.0234627676	-0.0075135193	0.0029648360	-0.3223204738	0.9465961488
27.0000000000	35.0000000000	7.5955656007	-6.1109233628	0.0005394052	0.0027668775	0.0078852060	-0.5788060850	0.8154223960
28.0000000000	29.0000000000	1.2833318653	-0.1334917787	0.0099495638	-0.0044897002	0.0011756423	-0.0634063071	0.9979770041
28.0000000000	33.0000000000	5.3904516301	-2.5909123412	0.0264319616	-0.0069028463	0.0041759134	-0.3899849705	0.9207858792
28.0000000000	36.0000000000	7.3637831814	-6.5005461897	-0.0137880751	0.0044231092	0.0038234496	-0.5776979542	0.8162296803
29.0000000000	31.0000000000	2.1868563494	-0.5135379151	0.0119729750	-0.0009002083	-0.0011516852	-0.1527901462	0.9882575750
29.0000000000	34.0000000000	5.8815662586	-3.6968201873	-0.0257347730	-0.0023798591	0.0106938648	-0.4536589061	0.8911080599
29.0000000000	36.0000000000	6.8374424877	-5.5459327642	-0.0621103665	0.0085156390	0.0057302221	-0.5247527764	0.8511927937
30.0000000000	33.0000000000	3.5501491421	-1.2844876552	0.0054011883	-0.0057679347	0.0030111999	-0.2655682597	0.9640701028
30.0000000000	34.0000000000	5.2751798643	-2.8428900270	-0.0160640572	-0.0058309634	0.0089269917	-0.3917496711	0.9200100564
30.0000000000	37.0000000000	7.0365295312	-5.5095581506	-0.0548319385	0.0110055360	0.0033574284	-0.4896535862	0.8718411388
31.0000000000	34.0000000000	4.4834172220	-1.9188157682	-0.0518889197	-0.0037062346	0.0116393301	-0.3121669454	0.9499487291
31.0000000000	35.0000000000	5.2321840059	-2.6360275769	-0.0597508652	0.0051292509	0.0108995149	-0.3547026809	0.9349015454
31.0000000000	41.0000000000	10.0344766811	-8.6858323802	-0.2564252388	0.0183543979	0.0085672940	-0.4539051947	0.8908197302
32.0000000000	34.0000000000	3.6830042670	-1.2416567366	-0.0407722017	-0.0009926614	0.0102140471	-0.2414916540	0.9703486327
32.0000000000	36.0000000000	5.3529091522	-2.4841352892	-0.0844067509	0.0107009504	0.0081321379	-0.3197449087	0.9474083340
32.0000000000	40.0000000000	9.2235454627	-6.1822042570	-0.2174466101	0.0215535995	0.0041176290	-0.3845388781	0.9228479499
33.0000000000	35.0000000000	3.2362819905	-0.8552099229	-0.0227094431	0.0075016747	0.0076307309	-0.1778378502	0.9840016239
33.0000000000	37.0000000000	5.1583233743	-1.8429752991	-0.0695360486	0.0162216088	0.0063585353	-0.2404745056	0.9704990678
33.0000000000	42.0000000000	11.6119181545	-5.9015437337	-0.2335454326	0.0258895854	0.0104890492	-0.2844123901	0.9582949972
34.0000000000	36.0000000000	2.0579557285	-0.3146707841	-0.0059879708	0.0126261773	0.0011157088	-0.0813554092	0.9966045516
34.0000000000	38.0000000000	4.8303158069	-1.0351363650	-0.0296446562	0.0212449880	0.0025031327	-0.1337330963	0.9907864774
34.0000000000	42.0000000000	10.4416276229	-2.7861723947	-0.0944316434	0.0275648124	0.0080010313	-0.1539270160	0.9876652461
35.0000000000	37.0000000000	2.1466623032	-0.2528325197	-0.0058182565	0.0093859420	-0.0000679461	-0.0639597523	0.9979083373
35.0000000000	39.0000000000	5.0709246499	-0.7956382218	-0.0108276058	0.0142764941	-0.0017899730	-0.0995860484	0.9949249201
35.0000000000	43.0000000000	10.9836885619	-2.0933506936	-0.0223724039	0.0180016642	-0.0019557506	-0.1079996966	0.9939860063
36.0000000000	38.0000000000	2.8525654979	-0.2616516702	-0.0049161950	0.0086085765	0.0014290793	-0.0526810875	0.9985732588
36.0000000000	41.0000000000	6.6410186045	-0.7727053567	-0.0136487809	0.0105416695	0.0040313043	-0.0720013659	0.9973406765
36.0000000000	47.0000000000	16.6435509687	-2.1064758540	-0.0422478788	0.0158700994	0.0030386799	-0.0584100249	0.9981618984
37.0000000000	39.0000000000	2.9696327659	-0.1650803081	0.0012484850	0.0050160583	-0.0017402022	-0.0357267679	0.9993474916
37.0000000000	42.0000000000	7.6035218974	-0.5780835590	0.0055884533	0.0088668278	0.0056984108	-0.0455819801	0.9989049958
37.0000000000	49.0000000000	18.5724367799	-1.3062299265	0.0493444912	0.0102831794	-0.0011917595	-0.0243145736	0.9996507577
38.0000000000	40.0000000000	2.4905343622	-0.0739676366	0.0099232046	0.0038925858	-0.0021953866	-0.0164338980	0.9998549670
38.0000000000	42.0000000000	5.8750609196	-0.2019016776	0.0061096374	0.0056432071	0.0058711915	-0.0205262464	0.9997561485
38.0000000000	48.0000000000	15.3760425833	-0.3927775714	0.0464975967	0.0098346900	-0.0007368822	-0.0028428182	0.9999473257
39.0000000000	42.0000000000	4.6515443479	-0.0810744393	-0.0093480755	0.0035675685	0.0075211294	-0.0099086090	0.9999162588
39.0000000000	47.0000000000	12.6871107963	-0.0918135122	-0.0197695037	0.0051679053	0.0036372059	0.0048782453	0.9999681326
39.0000000000	52.0000000000	20.8380372433	0.1566055133	0.0192730081	0.0132753566	0.0024441239	0.0227778979	0.9996494178
40.0000000000	43.0000000000	4.7881011210	-0.0198204673	-0.0232904290	0.0018065776	0.0006449428	-0.0026744526	0.9999945838
40.0000000000	46.0000000000	9.1894678798	0.0000259992	-0.0264433411	0.0063663610	0.0011152537	0.0052058082	0.9999655620
40.0000000000	52.0000000000	19.5695296802	0.4086797246	-0.0087437268	0.0113649035	0.0031196614	0.0285600484	0.9995226012
41.0000000000	44.0000000000	4.9240694653	0.0050705794	0.0192517358	0.0044972144	-0.0025437756	0.0024749234	0.9999835894
41.0000000000	48.0000000000	11.5567888968	0.1650018860	0.0978244147	0.0080229086	-0.0030870191	0.0165602834	0.9998259150
41.0000000000	54.0000000000	21.2621845509	0.7405057479	0.2063986875	0.0109396605	-0.0023132043	0.0369594760	0.9992542069
42.0000000000	45.0000000000	4.3501255399	0.0487237673	0.0445745048	-0.0002079531	-0.0018498094	0.0062724275	0.9999785956
42.0000000000	48.0000000000	9.4996593702	0.2003147647	0.1519180951	0.0042211992	-0.0064217565	0.0177449314	0.9998130125
42.0000000000	54.0000000000	19.2027596938	0.7991113840	0.3222072340	0.0070696772	-0.0055661784	0.0381502279	0.9992315034
43.0000000000	47.0000000000	6.6333503928	0.1209086673	-0.0061288479	0.0014154779	0.0036147365	0.0133334411	0.9999035701
43.0000000000	50.0000000000	11.0694051057	0.2969196947	0.0216356099	0.0061701934	0.0021066944	0.0232807903	0.9997077050
43.0000000000	54.0000000000	17.8064424285	0.7384247181	0.0398463982	0.0071286742	0.0018560639	0.0366311281	0.9993017049
44.0000000000	47.0000000000	5.1668015160	0.0868317348	0.0190447630	0.0008590329	0.0021253513	0.0111599646	0.9999350980
44.0000000000	52.0000000000	13.3137994645	0.4381958424	0.0810301839	0.0089470896	0.0010603761	0.0290748750	0.9995366311
44.0000000000	57.0000000000	21.6908755055	1.1499508116	0.1510291824	0.0007635013	-0.0042039268	0.0459236993	0.9989358127
45.0000000000	48.0000000000	5.1513943462	0.0869370735	0.0883373025	0.0044215668	-0.0046023231	0.0114641549	0.9999139171
45.0000000000	49.0000000000	6.6409537038	0.1436651188	0.1039676824	0.0018068161	-0.0047987355	0.0150716271	0.9998732688
45.0000000000	54.0000000000	14.8618108626	0.5638976897	0.2229366713	0.0073129770	-0.0037699479	0.0318675703	0.9994582362
46.0000000000	48.0000000000	3.7004685351	0.0664836157	0.0144183648	-0.0004258659	0.0005493159	0.0083625965	0.9999647913
46.0000000000	52.0000000000	10.3836954871	0.3008942752	0.0363385766	0.0049855816	0.0021274928	0.0233485512	0.9997126902
46.0000000000	55.0000000000	15.6731902006	0.6517580856	0.0578940592	0.0004352487	-0.0011793228	0.0335327304	0.9994368293
47.0000000000	49.0000000000	2.9577328101	0.0394465319	0.0402649301	0.0000571605	-0.0028096519	0.0065404745	0.9999746621
47.0000000000	52.0000000000	8.1524722258	0.1695854760	0.0961841317	0.0080379158	-0.0011389311	0.0179362935	0.9998061733
47.0000000000	58.0000000000	18.1154536656	0.8301080698	0.2314119062	-0.0021676323	-0.0073357059	0.0384874660	0.9992298053
48.0000000000	52.0000000000	6.6861851156	0.1225848980	0.0294193441	0.0054161136	0.0015266221	0.0149911793	0.9998717916
48.0000000000	55.0000000000	11.9807816456	0.3849166176	0.0570524278	0.0008325726	-0.0017462088	0.0251734019	0.9996812279
48.0000000000	59.0000000000	18.2449702623	0.8599460464	0.1346945946	-0.0043244575	-0.0032137244	0.0401227470	0.9991802321
49.0000000000	53.0000000000	6.7059438890	0.1113709342	0.0350724861	0.0073941871	0.0008471810	0.0143734925	0.9998689969
49.0000000000	56.0000000000	12.0299643500	0.3755687113	0.0685508178	0.0006784534	-0.0037083061	0.0250335563	0.9996795033
49.0000000000	59.0000000000	16.7600751678	0.7152811353	0.1321201496	-0.0017321421	-0.0031518228	0.0364970735	0.9993272884
50.0000000000	54.0000000000	6.7501694099	0.1277983131	0.0431190304	0.0009267461	-0.0001896393	0.0133594558	0.9999103110
50.0000000000	58.0000000000	13.6897540642	0.5008910406	0.1233079533	-0.0068755607	-0.0055775028	0.0285622805	0.9995528071
50.0000000000	60.0000000000	16.8759700856	0.7517810063	0.1730520902	-0.0091405517	-0.0102897376	0.0386957876	0.9991562479
51.0000000000	55.0000000000	6.7919960296	0.1471679270	0.0490708601	-0.0037866634	-0.0028249278	0.0135429264	0.9998971298
51.0000000000	58.0000000000	11.4711833686	0.3792254934	0.1091070441	-0.0094142893	-0.0055524248	0.0239662824	0.9996530193
51.0000000000	61.0000000000	16.2681269116	0.7479579750	0.1946059705	-0.0142300605	-0.0140076528	0.0414463861	0.9989411835
52.0000000000	55.0000000000	5.2999798603	0.1038609250	0.0418231782	-0.0046465316	-0.0031482606	0.0101944991	0.9999322829
52.0000000000	58.0000000000	9.9805728801	0.3046692910	0.1047437598	-0.0102866736	-0.0058479868	0.0206189586	0.9997173820
52.0000000000	61.0000000000	14.7798175605	0.6414035890	0.1929785754	-0.0151362071	-0.0142719974	0.0381068153	0.9990570934
53.0000000000	55.0000000000	3.7900716064	0.0660513740	0.0235794577	-0.0040058431	-0.0024007611	0.0071914421	0.9999632357
53.0000000000	58.0000000000	8.4718726774	0.2386531640	0.0798106614	-0.0096464921	-0.0050903844	0.0176189321	0.9997852802
53.0000000000	61.0000000000	13.2731774127	0.5464327647	0.1613540512	-0.0145087930	-0.0135115084	0.0351068568	0.9991868908
54.0000000000	58.0000000000	6.9471070284	0.1877034317	0.0770352072	-0.0078703728	-0.0052691206	0.0152127092	0.9998394206
54.0000000000	61.0000000000	11.7498052711	0.4721748071	0.1612766403	-0.0127568798	-0.0137097873	0.0326860785	0.9992902101
54.0000000000	62.0000000000	13.3877341779	0.6157046282	0.2105629634	-0.0140711879	-0.0117665728	0.0403945683	0.9990154295
55.0000000000	58.0000000000	4.6840169268	0.1048811214	0.0348585080	-0.0056354644	-0.0026911575	0.0104311574	0.9999260924
55.0000000000	61.0000000000	9.4895906931	0.3430016226	0.0955257469	-0.0105185579	-0.0111484957	0.0279006870	0.9994931829
55.0000000000	62.0000000000	11.1290518684	0.4706293448	0.1369772427	-0.0118043007	-0.0092168468	0.0356180601	0.9992532522
56.0000000000	58.0000000000	3.1447443376	0.0594828412	0.0138168331	-0.0028363783	-0.0007279681	0.0069379562	0.9999716445
56.0000000000	61.0000000000	7.9520690186	0.2636971779	0.0567518168	-0.0077157306	-0.0092176931	0.0243948422	0.9996301283
56.0000000000	62.0000000000	9.5925339495	0.3796396829	0.0924113839	-0.0089801468	-0.0073035607	0.0321208833	0.9994169619
57.0000000000	58.0000000000	1.5783739632	0.0260983644	0.0108381924	-0.0019400879	-0.0009739715	0.0037242458	0.9999907087
57.0000000000	61.0000000000	6.3868892784	0.1993426568	0.0565071419	-0.0068513386	-0.0094636064	0.0211732734	0.9997075531
57.0000000000	62.0000000000	8.0280470909	0.3046780315	0.0931829800	-0.0081117147	-0.0075523253	0.0289013658	0.9995208220
58.0000000000	60.0000000000	3.1956971169	0.0680714564	0.0163274565	-0.0023447760	-0.0047173204	0.0101205314	0.9999349098
58.0000000000	61.0000000000	4.8097505297	0.1372619709	0.0369045935	-0.0049263790	-0.0085053909	0.0174382330	0.9997996285
58.0000000000	63.0000000000	8.0967889332	0.3395127290	0.1014485207	-0.0066347333	-0.0020023597	0.0328124687	0.9994374982
59.0000000000	61.0000000000	3.2133537890	0.0872315660	0.0332092973	-0.0054839197	-0.0098087994	0.0128936912	0.9998537227
59.0000000000	62.0000000000	4.8559998637	0.1653172992	0.0713719634	-0.0067315989	-0.0078983324	0.0206253649	0.9997334126
59.0000000000	63.0000000000	6.5019118814	0.2596798451	0.1063443616	-0.0071830552	-0.0032899750	0.0282638902	0.9995692734
60.0000000000	61.0000000000	1.6152467721	0.0364456855	0.0055901553	-0.0025855674	-0.0037794953	0.0073218910	0.9999627094
60.0000000000	63.0000000000	4.9061709292	0.1718896439	0.0398934936	-0.0041563215	0.0027026457	0.0227220943	0.9997295270
60.0000000000	65.0000000000	8.9436331704	0.4673064904	0.0279374767	-0.0046819891	0.0016752071	0.0389578271	0.9992284826
61.0000000000	63.0000000000	3.2927213691	0.0871214832	0.0099941937	-0.0014656283	0.0064526995	0.0154240343	0.9998591470
61.0000000000	64.0000000000	4.9404903721	0.1690193098	-0.0063351432	-0.0020214316	0.0118488217	0.0227456255	0.9996690231
61.0000000000	69.0000000000	13.4383849506	0.8835592886	-0.0729591838	-0.0049379584	0.0135786709	0.0481161058	0.9987372410
62.0000000000	63.0000000000	1.6487506309	0.0260895957	0.0097541734	-0.0002970595	0.0045637213	0.0076744607	0.9999600926
62.0000000000	66.0000000000	7.2634674742	0.3066517054	-0.0124781503	-0.0023472642	0.0024179275	0.0292989953	0.9995650118
62.0000000000	70.0000000000	13.9274641731	0.8716522049	-0.0495346647	-0.0067339314	0.0049847504	0.0432574286	0.9990288291
63.0000000000	65.0000000000	4.0467166996	0.1116789196	0.0115901457	-0.0005948377	-0.0010813442	0.0162370396	0.9998674089
63.0000000000	68.0000000000	8.6935555468	0.3742496789	0.0456182589	-0.0019887557	0.0077643539	0.0296604646	0.9995278968
63.0000000000	70.0000000000	12.2902749992	0.6570023194	0.0532860370	-0.0065960490	0.0004640894	0.0355594395	0.9993456874
64.0000000000	67.0000000000	5.5264946768	0.1628723116	0.0976839844	0.0005244046	-0.0033085682	0.0190236131	0.9998134229
64.0000000000	69.0000000000	8.5207638157	0.3271706433	0.1371989843	-0.0031787096	0.0017553709	0.0253522111	0.9996719861
64.0000000000	71.0000000000	12.0312641242	0.5673748179	0.1856998327	-0.0068163406	-0.0057059110	0.0299441495	0.9995120449
65.0000000000	68.0000000000	4.6529771166	0.1115124079	0.0241958520	-0.0012357879	0.0088588087	0.0134339257	0.9998697535
65.0000000000	70.0000000000	8.2569896860	0.2773246342	0.0243451743	-0.0059547402	0.0016306133	0.0193357216	0.9997939848
65.0000000000	73.0000000000	12.2979120274	0.4790869549	0.0472009704	-0.0060457368	0.0046514334	0.0208903644	0.9997526724
66.0000000000	68.0000000000	3.0801694763	0.0467650344	0.0037927909	0.0004072467	0.0098748574	0.0080679461	0.9999186115
66.0000000000	70.0000000000	6.6857517369	0.1737874147	-0.0030291007	-0.0043445620	0.0026627641	0.0139634866	0.9998895217
66.0000000000	74.0000000000	11.9947882033	0.3791070472	0.0109268808	-0.0057051290	0.0041447548	0.0135257131	0.9998836570
67.0000000000	69.0000000000	2.9985470977	0.0503021043	0.0195721204	-0.0035850712	0.0051362894	0.0063397007	0.9999602862
67.0000000000	71.0000000000	6.5158870945	0.1568239033	0.0446358631	-0.0073486916	-0.0022525185	0.0109497756	0.9999105086
67.0000000000	73.0000000000	9.1733313813	0.2320178948	0.0799211764	-0.0068527088	0.0015679591	0.0107544951	0.9999174580
68.0000000000	69.0000000000	1.4756800087	0.0213781883	0.0275426072	-0.0016273352	-0.0005844736	0.0030201403	0.9999939444
68.0000000000	71.0000000000	4.9931273946	0.1044430235	0.0932215940	-0.0054417842	-0.0079694791	0.0075941330	0.9999245989
68.0000000000	75.0000000000	10.1508794700	0.2061714323	0.2175164779	-0.0047980513	-0.0082217771	0.0032684825	0.9999493478
69.0000000000	70.0000000000	2.1312017835	0.0344892706	0.0344219609	-0.0032587726	-0.0065808181	0.0028224746	0.9999690530
69.0000000000	73.0000000000	6.1756349233	0.1027553386	0.1248044458	-0.0033129578	-0.0035630807	0.0043853140	0.9999785487
69.0000000000	75.0000000000	8.6763717021	0.1317863606	0.1803463855	-0.0031936897	-0.0076281126	0.0002379031	0.9999657772
70.0000000000	73.0000000000	4.0455948038	0.0450129796	0.0375122065	-0.0000353493	0.0030127637	0.0015729567	0.9999942239
70.0000000000	74.0000000000	5.3125404408	0.0567406414	0.0433803546	-0.0013385835	0.0015027405	-0.0004348286	0.9999978804
70.0000000000	76.0000000000	7.7571947902	0.0604107546	0.0669797262	-0.0004664009	0.0011168358	-0.0047493134	0.9999879895
71.0000000000	73.0000000000	2.6585818268	0.0165460004	0.0239837776	0.0005373813	0.0038161533	-0.0001683813	0.9999925599
71.0000000000	75.0000000000	5.1600266992	0.0224593870	0.0427380178	0.0006074302	-0.0002334303	-0.0043320143	0.9999904050
71.0000000000	77.0000000000	8.1082775324	-0.0022394756	0.0613938208	0.0037708321	0.0031598068	-0.0097236544	0.9999406217
72.0000000000	73.0000000000	1.3117410500	0.0015700523	0.0178898158	0.0001780542	0.0009920753	-0.0007142969	0.9999992369
72.0000000000	76.0000000000	5.0232244242	-0.0000305530	0.0623579576	-0.0002445605	-0.0009015179	-0.0070377892	0.9999747982
72.0000000000	78.0000000000	7.8720790728	-0.0570452275	0.0936391404	0.0050853622	-0.0019296350	-0.0124552471	0.9999076369
73.0000000000	76.0000000000	3.7113854078	0.0037194617	0.0518320850	-0.0004149837	-0.0018949962	-0.0063235868	0.9999781243
73.0000000000	78.0000000000	6.5602501820	-0.0492125994	0.0887856351	0.0049210570	-0.0029202047	-0.0117356172	0.9999147618
73.0000000000	84.0000000000	13.4049829696	-0.0961916906	0.1578194333	0.0099293414	-0.0010545768	0.0142795369	0.9998481839
74.0000000000	76.0000000000	2.4445696401	0.0057233922	0.0309597016	0.0008788190	-0.0003797340	-0.0043136856	0.9999902378
74.0000000000	79.0000000000	6.4051458259	-0.0593871905	0.0691294187	0.0065354861	-0.0019937768	-0.0108838706	0.9999174234
74.0000000000	84.0000000000	12.1387711016	-0.0554216602	0.1075045556	0.0112523053	0.0004545213	0.0162745910	0.9998041392
75.0000000000	77.0000000000	2.9483638435	0.0008658338	0.0172931622	0.0031474435	0.0034036222	-0.0053946038	0.9999747033
75.0000000000	79.0000000000	5.1711788684	-0.0409564352	0.0224034868	0.0051242009	0.0005432957	-0.0087429849	0.9999485025
75.0000000000	84.0000000000	10.9048540025	-0.0122158518	0.0316231230	0.0099048145	0.0030391565	0.0183996922	0.9997770299
76.0000000000	78.0000000000	2.8494274148	-0.0169241899	0.0261263305	0.0053321252	-0.0009893170	-0.0054228510	0.9999705908
76.0000000000	80.0000000000	5.0660315162	-0.0616080165	0.0431667569	0.0112532951	-0.0007988450	-0.0056911678	0.9999201647
76.0000000000	85.0000000000	10.9218705353	0.1183925698	0.0711516963	0.0069997315	-0.0015074862	0.0306038882	0.9995059446
77.0000000000	79.0000000000	2.2230487170	-0.0177570011	0.0204302671	0.0020036186	-0.0028600395	-0.0033327056	0.9999883493
77.0000000000	81.0000000000	4.4550964975	-0.0468478242	0.0452125471	0.0082266967	-0.0016516841	0.0001866208	0.9999647787
77.0000000000	85.0000000000	9.1826785495	0.1767362185	0.0725957354	0.0032967866	-0.0026307410	0.0338417600	0.9994183037
78.0000000000	80.0000000000	2.2169857151	-0.0204795195	0.0130020984	0.0059199650	0.0002210947	-0.0002754565	0.9999824145
78.0000000000	82.0000000000	4.4832004540	-0.0020453597	0.0262941360	0.0069855928	0.0007744231	0.0084156677	0.9999398873
78.0000000000	86.0000000000	9.3398982662	0.3557002154	0.0340570391	0.0000437517	-0.0020520175	0.0472255640	0.9988821419
79.0000000000	80.0000000000	1.1053408238	-0.0161369043	0.0046600525	0.0055883343	0.0008382144	0.0008662597	0.9999836586
79.0000000000	84.0000000000	5.7322788670	0.1291143862	0.0146427680	0.0047446740	0.0026767040	0.0271295761	0.9996170814
79.0000000000	87.0000000000	10.1852112218	0.6391463027	0.0224270080	-0.0026972550	-0.0019876599	0.0640646569	0.9979401253
80.0000000000	81.0000000000	1.1269447692	0.0001392203	0.0093186873	0.0006389412	0.0004120116	0.0026310062	0.9999962499
80.0000000000	83.0000000000	3.4324883568	0.0623610468	0.0094886171	0.0007696606	0.0013422725	0.0167071781	0.9998592282
80.0000000000	86.0000000000	7.1227008501	0.3803431489	0.0197243901	-0.0058794636	-0.0019932441	0.0475120439	0.9988513726
81.0000000000	84.0000000000	3.5008838564	0.1188326703	0.0095621748	-0.0015063234	0.0015934280	0.0236204097	0.9997185945
81.0000000000	86.0000000000	5.9976584368	0.3486647960	0.0148812457	-0.0065424710	-0.0023589563	0.0448827247	0.9989680538
81.0000000000	88.0000000000	9.3492183389	0.7949438346	0.0228687170	-0.0069140240	0.0026155587	0.0718867536	0.9973854068
82.0000000000	84.0000000000	2.3626456654	0.0765050486	0.0047445861	-0.0019240308	0.0014167432	0.0175636777	0.9998428917
82.0000000000	86.0000000000	4.8620204013	0.2760797703	0.0108602182	-0.0069878694	-0.0024959198	0.0388308333	0.9992182477
82.0000000000	88.0000000000	8.2187391781	0.6817331548	0.0198006944	-0.0073339013	0.0024924917	0.0658417813	0.9978000106
83.0000000000	84.0000000000	1.1964924979	0.0350781646	0.0097968638	-0.0016333413	0.0006787863	0.0095444683	0.9999528862
83.0000000000	86.0000000000	3.6987324312	0.1945397665	0.0197609353	-0.0067444901	-0.0031988966	0.0308110016	0.9994973542
83.0000000000	89.0000000000	8.5056438357	0.7454685946	0.0244500309	-0.0052339319	0.0054192686	0.0692137365	0.9975734039
84.0000000000	85.0000000000	1.2303453295	0.0452199843	0.0026782912	-0.0034332561	-0.0022301340	0.0100452307	0.9999411646
84.0000000000	87.0000000000	4.4739498583	0.2679277581	0.0279950704	-0.0076565304	-0.0042809489	0.0369686528	0.9992779242
84.0000000000	90.0000000000	8.7932220123	0.7608283305	0.0154217028	0.0021552868	0.0063388639	0.0688342993	0.9976056399
85.0000000000	87.0000000000	3.2475079848	0.1573705205	0.0121445564	-0.0041858584	-0.0021021837	0.0269308808	0.9996263237
85.0000000000	88.0000000000	4.6495869880	0.2603614803	0.0123144986	-0.0019143609	0.0031970744	0.0382805029	0.9992600848
85.0000000000	91.0000000000	9.1234107767	0.7437054706	-0.0331522211	0.0132712613	0.0133664466	0.0662506701	0.9976252104
86.0000000000	87.0000000000	1.9740562233	0.0723691829	0.0001336322	-0.0024434670	-0.0004476315	0.0157222798	0.9998733115
86.0000000000	88.0000000000	3.3780851191	0.1438960843	-0.0040386838	-0.0000945429	0.0048056578	0.0270806247	0.9996216967
86.0000000000	92.0000000000	10.1792721491	0.8148927225	-0.1063061301	0.0204974068	0.0071136003	0.0666090161	0.9975432281
87.0000000000	88.0000000000	1.4055807813	0.0273715237	-0.0051885426	0.0024356909	0.0051878272	0.0113726480	0.9999189051
87.0000000000	90.0000000000	4.3436600807	0.1728517166	-0.0445849404	0.0103209463	0.0099982792	0.0319437595	0.9993863661
87.0000000000	95.0000000000	12.7645652557	1.0900685659	-0.1065949559	0.0133509831	0.0012773803	0.0654386789	0.9977664551
88.0000000000	89.0000000000	1.4575047464	0.0311544240	-0.0026822635	0.0020187942	0.0034423796	0.0114317208	0.9999266924
88.0000000000	92.0000000000	6.8282133217	0.3017790054	-0.0366548547	0.0204565011	0.0017556825	0.0396689154	0.9990019151
88.0000000000	96.0000000000	13.5503124567	1.0713090300	0.0443769104	0.0109194920	-0.0001128442	0.0605224331	0.9981071020
89.0000000000	90.0000000000	1.4840811316	0.0134088933	0.0033342717	0.0057986899	0.0012834443	0.0091916949	0.9999401186
89.0000000000	93.0000000000	6.9308625505	0.2673875550	0.0154199567	0.0146226207	-0.0024119971	0.0338709943	0.9993163248
89.0000000000	96.0000000000	12.1128283388	0.7637764724	0.1267495992	0.0086940875	-0.0035513441	0.0491457231	0.9987474649
90.0000000000	92.0000000000	3.8933193430	0.0627718510	0.0076931243	0.0124720337	-0.0031239882	0.0191585920	0.9997337833
90.0000000000	93.0000000000	5.4504842386	0.1540143505	0.0237054263	0.0087613773	-0.0036324183	0.0247163078	0.9996495125
90.0000000000	96.0000000000	10.6404139636	0.5563989232	0.1431344628	0.0028064244	-0.0046279013	0.0399943455	0.9991852475
91.0000000000	93.0000000000	3.8938966592	0.0991965139	0.0497362058	0.0009210897	-0.0081661510	0.0173070952	0.9998164482
91.0000000000	96.0000000000	9.0879711464	0.4260819332	0.2119487138	-0.0051085286	-0.0089972263	0.0325674753	0.9994159857
91.0000000000	98.0000000000	11.8323422520	0.6434449751	0.2937797379	-0.0049060407	-0.0087368712	0.0391157903	0.9991844438
92.0000000000	93.0000000000	1.5595878270	0.0317724026	0.0047391247	-0.0037009958	-0.0003681579	0.0055757849	0.9999775386
92.0000000000	96.0000000000	6.7617943574	0.2374837604	0.0841109076	-0.0096199153	-0.0010601893	0.0208896703	0.9997349423
92.0000000000	98.0000000000	9.5114488260	0.3907728808	0.1217480971	-0.0093626978	-0.0007735112	0.0274372126	0.9995793820
93.0000000000	96.0000000000	5.2042304211	0.1471084221	0.0768459994	-0.0059179042	-0.0007157827	0.0153145077	0.9998649568
93.0000000000	98.0000000000	7.9554486500	0.2694505966	0.1134779575	-0.0056572602	-0.0004548372	0.0218637364	0.9997448502
93.0000000000	103.0000000000	14.7614878225	0.6833454781	0.2024671549	0.0021358808	-0.0013324597	0.0385374279	0.9992539863
94.0000000000	96.0000000000	3.6736403892	0.0809128871	0.0414350229	-0.0023850077	0.0011675133	0.0105508952	0.9999408119
94.0000000000	98.0000000000	6.4260209857	0.1767643201	0.0683244835	-0.0021110418	0.0014040108	0.0171009890	0.9998505530
94.0000000000	103.0000000000	13.2359927958	0.5251293770	0.1339907431	0.0057078735	0.0004297936	0.0337587480	0.9994136193
95.0000000000	97.0000000000	3.5819715075	0.0703405292	0.0191377684	-0.0009425838	0.0041529711	0.0102705509	0.9999381882
95.0000000000	99.0000000000	6.2663137631	0.1502296617	0.0291298871	0.0011603405	0.0044564798	0.0148297252	0.9998794291
95.0000000000	103.0000000000	11.7521556662	0.3947669116	0.0559537183	0.0087077073	0.0029804523	0.0295245965	0.9995216811
96.0000000000	98.0000000000	2.7537180864	0.0376107175	0.0336370250	0.0002685810	0.0002180757	0.0065515421	0.9999784786
96.0000000000	99.0000000000	4.0812088439	0.0668251204	0.0480078277	0.0005744117	0.0006364676	0.0084933297	0.9999635635
96.0000000000	103.0000000000	9.5693471813	0.2418539381	0.1165313838	0.0080562642	-0.0008778026	0.0232197283	0.9996975394
97.0000000000	99.0000000000	2.6852398992	0.0246962185	0.0323916449	0.0020869224	0.0002778414	0.0045685175	0.9999873480
97.0000000000	103.0000000000	8.1745316112	0.1564099618	0.1051520563	0.0095572996	-0.0012879769	0.0192961101	0.9997673026
97.0000000000	104.0000000000	9.8918936226	0.2424948084	0.1299969377	0.0100144021	-0.0040709257	0.0266839310	0.9995854677
98.0000000000	100.0000000000	3.2310764417	0.0309985370	0.0380652941	0.0022009538	-0.0010730563	0.0058576546	0.9999798459
98.0000000000	103.0000000000	6.8176824420	0.1149666719	0.0857820776	0.0077767780	-0.0011423369	0.0166716647	0.9998301218
98.0000000000	104.0000000000	8.5354802437	0.1921188255	0.1098673209	0.0082279035	-0.0039133467	0.0240648172	0.9996688811
99.0000000000	103.0000000000	5.4902279888	0.0818634612	0.0753644036	0.0074594979	-0.0015691291	0.0147337570	0.9998623956
99.0000000000	104.0000000000	7.2082919075	0.1523587429	0.1008367280	0.0079022082	-0.0043386624	0.0221282494	0.9997144951
99.0000000000	107.0000000000	11.2430421132	0.5352716415	0.1919400522	-0.0072394163	-0.0082600933	0.0465327273	0.9988563796
100.0000000000	103.0000000000	3.5874403147	0.0421352175	0.0397418897	0.0055872367	-0.0000782984	0.0108088399	0.9999259701
100.0000000000	104.0000000000	5.3060729005	0.0992540627	0.0598445059	0.0060304076	-0.0028357975	0.0182084026	0.9998120056
100.0000000000	109.0000000000	11.8191847705	0.7612538310	0.1624300783	-0.0170092602	-0.0039740947	0.0580291442	0.9981620660
103.0000000000	105.0000000000	2.8531997150	0.0772828449	0.0369574195	-0.0033995853	-0.0080783074	0.0138323371	0.9998659161
103.0000000000	107.0000000000	5.7640307822	0.2852609323	0.0929904997	-0.0147380749	-0.0062378575	0.0318823969	0.9993634930
103.0000000000	111.0000000000	11.5921850373	0.9967690810	0.1287028340	-0.0283808825	-0.0035851606	0.0673592208	0.9973186088
104.0000000000	106.0000000000	2.2728139115	0.0947595516	0.0245378839	-0.0076217337	-0.0094907180	0.0138896771	0.9998294416
104.0000000000	107.0000000000	4.0483869969	0.2051230139	0.0513757752	-0.0151114158	-0.0033961329	0.0245131842	0.9995795192
104.0000000000	111.0000000000	9.8865599876	0.8301335375	0.0547931882	-0.0286367591	-0.0006332094	0.0600400785	0.9977849087
105.0000000000	106.0000000000	1.1389681588	0.0397607852	0.0014240767	-0.0037728603	-0.0041687826	0.0074644991	0.9999563331
105.0000000000	109.0000000000	5.4035656412	0.3154590337	-0.0071776540	-0.0188905340	0.0048323212	0.0336110618	0.9992447613
105.0000000000	111.0000000000	8.7614600060	0.6772195070	-0.0442156191	-0.0244920599	0.0046355575	0.0537720207	0.9982420650
106.0000000000	107.0000000000	1.7781521833	0.0608325202	-0.0055900517	-0.0073048296	0.0061142342	0.0107427000	0.9998969197
106.0000000000	111.0000000000	7.6305318767	0.5241663960	-0.1048462961	-0.0204659980	0.0087767437	0.0464378745	0.9986729372
106.0000000000	112.0000000000	9.0809720080	0.6929622132	-0.1246821231	-0.0202860093	0.0100555284	0.0561249760	0.9981669957
107.0000000000	109.0000000000	2.4928066458	0.0981322556	-0.0044522742	-0.0077044380	0.0028686094	0.0154821007	0.9998463468
107.0000000000	112.0000000000	7.3155909606	0.4761009099	-0.0216069313	-0.0132276120	0.0037594148	0.0453456109	0.9988767054
107.0000000000	113.0000000000	9.5571121592	0.7549701693	-0.0511909539	-0.0155575614	0.0032847623	0.0596869496	0.9980904972
108.0000000000	111.0000000000	4.6353858900	0.2266637920	0.0198709842	-0.0096376433	-0.0021326951	0.0278684222	0.9995628637
108.0000000000	112.0000000000	6.0911250256	0.3418601937	0.0345474090	-0.0095441852	-0.0009604095	0.0375782800	0.9992476465
108.0000000000	114.0000000000	9.8940461153	0.7750054135	0.0322574289	-0.0110258809	-0.0006089855	0.0578130709	0.9982663512
109.0000000000	111.0000000000	3.3747876155	0.1359042777	0.0049283362	-0.0057202770	-0.0003843488	0.0201486452	0.9997805573
109.0000000000	112.0000000000	4.8321776504	0.2284809353	0.0152180552	-0.0056016726	0.0007488813	0.0298649516	0.9995379658
109.0000000000	114.0000000000	8.6413149972	0.6028322324	0.0024935689	-0.0070483291	0.0010313773	0.0501105481	0.9987182737
110.0000000000	111.0000000000	2.0738681177	0.0691516037	-0.0035558974	-0.0036247748	0.0017689547	0.0125640103	0.9999129349
110.0000000000	113.0000000000	5.7845869852	0.3150781038	-0.0210350629	-0.0058356356	0.0023214858	0.0366325699	0.9993090667
110.0000000000	114.0000000000	7.3468283894	0.4560609137	-0.0269132788	-0.0048797437	0.0031308589	0.0425387573	0.9990779949
111.0000000000	113.0000000000	3.7157627534	0.1526855101	-0.0028958484	-0.0022484918	0.0004940848	0.0240721448	0.9997075732
111.0000000000	114.0000000000	5.2810626741	0.2543896677	-0.0023613170	-0.0012937991	0.0012703780	0.0299853432	0.9995486939
111.0000000000	116.0000000000	9.4085152851	0.5328049808	-0.0067908056	0.0126649555	0.0050098644	0.0403469336	0.9990929011
112.0000000000	113.0000000000	2.2577320954	0.0751160984	-0.0079623042	-0.0024131691	-0.0005552186	0.0143458505	0.9998940268
112.0000000000	114.0000000000	3.8247100399	0.1463567300	-0.0040852665	-0.0014573054	0.0002127742	0.0202612252	0.9997936356
112.0000000000	116.0000000000	7.9567989943	0.3444407242	0.0002961978	0.0125260732	0.0038183064	0.0306412209	0.9994446626
113.0000000000	114.0000000000	1.5683802581	0.0262417112	0.0023711827	0.0009698228	0.0007398678	0.0059175095	0.9999817474
113.0000000000	115.0000000000	4.0215444003	0.0631811319	0.0001580008	0.0093163881	0.0016695053	0.0121185136	0.9998817727
113.0000000000	117.0000000000	8.3003011035	0.2376807509	-0.0105788406	0.0128863602	0.0031664106	0.0230103092	0.9996471584
114.0000000000	115.0000000000	2.4534277502	0.0079031330	0.0013731717	0.0083474262	0.0008863182	0.0062067564	0.9999455041
114.0000000000	117.0000000000	6.7339571462	0.1317369862	-0.0033209504	0.0119183617	0.0023728080	0.0171009303	0.9997799161
114.0000000000	119.0000000000	10.2611545593	0.3312631667	-0.0269807657	0.0078787325	0.0109592450	0.0260786047	0.9995687705
115.0000000000	117.0000000000	4.2817443067	0.0706571243	0.0012710938	0.0035716934	0.0015553315	0.0108853651	0.9999331642
115.0000000000	118.0000000000	6.0362545598	0.1422862039	-0.0005963748	0.0001781342	0.0037047103	0.0149792436	0.9998809257
115.0000000000	125.0000000000	18.7868148122	1.1075274399	-0.0738641431	0.0246833345	0.0043834706	0.0577997423	0.9980133807
116.0000000000	117.0000000000	2.5988014369	0.0471642559	0.0053035733	-0.0021631417	-0.0008168368	0.0067134234	0.9999747915
116.0000000000	119.0000000000	6.1294777852	0.1729243017	0.0004129062	-0.0061396087	0.0079370700	0.0155578684	0.9998286157
116.0000000000	125.0000000000	17.1122345111	0.9624600440	-0.0107704133	0.0188571568	0.0021959238	0.0536694152	0.9983782747
117.0000000000	119.0000000000	3.5320326592	0.0783750230	-0.0102188750	-0.0039106863	0.0087611271	0.0088673852	0.9999146557
117.0000000000	125.0000000000	14.5243644027	0.7204546567	-0.0362576240	0.0210749004	0.0027686953	0.0469548748	0.9986708280
117.0000000000	127.0000000000	19.1893935738	1.1853548187	-0.0326932770	0.0223733720	0.0063218997	0.0482194803	0.9985661458
118.0000000000	125.0000000000	12.7739344135	0.5828547094	0.0210324051	0.0243541386	0.0003261473	0.0429340336	0.9987809761
118.0000000000	127.0000000000	17.4425340479	1.0095604496	0.0481506205	0.0256639535	0.0038699522	0.0442138966	0.9986848934
118.0000000000	128.0000000000	19.2958062192	1.1954044891	0.0547492832	0.0217094888	0.0025090261	0.0422398639	0.9988684582
119.0000000000	125.0000000000	11.0007181743	0.4464792703	0.1709168854	0.0245917644	-0.0063515416	0.0382907327	0.9989438036
119.0000000000	127.0000000000	15.6724482858	0.8282204224	0.2595991415	0.0259101465	-0.0028141852	0.0395814253	0.9988763965
119.0000000000	128.0000000000	17.5271758231	0.9962183616	0.2906550476	0.0219622889	-0.0041562313	0.0375799831	0.9990436069
125.0000000000	127.0000000000	4.6880289328	0.0256255333	0.0191440298	0.0014622943	0.0035144426	0.0011965468	0.9999920393
125.0000000000	129.0000000000	8.4192225749	0.0637467618	0.0237667244	-0.0057765305	0.0027759763	-0.0037379392	0.9999724764
125.0000000000	133.0000000000	17.5783753655	-0.1304401161	0.0655299212	-0.0131500245	0.0039141514	-0.0252273648	0.9995875831
127.0000000000	128.0000000000	1.8623837919	0.0219149526	0.0156578754	-0.0040065074	-0.0012356551	-0.0019599259	0.9999892898
127.0000000000	131.0000000000	7.4320885414	-0.0165291974	0.0646307967	-0.0058549924	0.0004224451	-0.0122435565	0.9999078137
127.0000000000	133.0000000000	12.8892887575	-0.1866505546	0.1374875832	-0.0145182695	0.0003799773	-0.0264751534	0.9995439669
128.0000000000	129.0000000000	1.8687560092	0.0145491913	0.0105610174	-0.0032205340	0.0005043817	-0.0029929069	0.9999902081
128.0000000000	133.0000000000	11.0279138697	-0.1662014766	0.0930729673	-0.0105468942	0.0016926787	-0.0244963760	0.9996428489
128.0000000000	134.0000000000	12.8073978522	-0.2595867151	0.1048983405	-0.0080813158	0.0009159353	-0.0291179160	0.9995428957
129.0000000000	131.0000000000	3.7012581266	-0.0095106180	0.0280265574	0.0013557327	0.0012186970	-0.0072773935	0.9999718578
129.0000000000	133.0000000000	9.1599809172	-0.1264792083	0.0907656304	-0.0073201146	0.0012357829	-0.0215041641	0.9997411964
129.0000000000	135.0000000000	12.7191252565	-0.3163807796	0.1260124115	-0.0025597881	-0.0018806693	-0.0311019797	0.9995111692
130.0000000000	131.0000000000	1.8471955705	-0.0054265403	0.0312293409	0.0020213973	-0.0012144709	-0.0039083546	0.9999895818
130.0000000000	133.0000000000	7.3062124214	-0.0857568606	0.1205073210	-0.0066198331	-0.0012167378	-0.0181569551	0.9998124936
130.0000000000	135.0000000000	10.8663412518	-0.2517598189	0.1729114579	-0.0018257676	-0.0043103222	-0.0277458636	0.9996040490
131.0000000000	133.0000000000	5.4596802714	-0.0373199563	0.0762526889	-0.0086580754	-0.0000650565	-0.0142386493	0.9998611375
131.0000000000	134.0000000000	7.2406576902	-0.0941746949	0.0938351233	-0.0061770051	-0.0008076357	-0.0188582232	0.9998027604
131.0000000000	136.0000000000	10.8054930255	-0.2606981095	0.1355305938	-0.0048056729	-0.0032319423	-0.0290565607	0.9995609918
133.0000000000	134.0000000000	1.7818801743	-0.0064156599	0.0168035355	0.0024904951	-0.0006671541	-0.0046263512	0.9999859745
133.0000000000	137.0000000000	7.1600362984	-0.1268234013	0.0710628673	0.0028896610	-0.0032642090	-0.0221022662	0.9997462101
133.0000000000	138.0000000000	9.8567991376	-0.2585633365	0.1352535491	-0.0027808279	-0.0086684819	-0.0343632659	0.9993679454
134.0000000000	135.0000000000	1.7822959269	-0.0142274796	0.0233191595	0.0023530821	-0.0022771612	-0.0049869068	0.9999822040
134.0000000000	137.0000000000	5.3791033918	-0.0703866794	0.0475572997	0.0004001119	-0.0026388555	-0.0174705735	0.9998438155
134.0000000000	138.0000000000	8.0770502494	-0.1768561779	0.1087418981	-0.0052525333	-0.0081000734	-0.0297159046	0.9995117632
135.0000000000	136.0000000000	1.7864790577	-0.0003648284	0.0032939862	-0.0009575429	-0.0000751106	-0.0052278609	0.9999858734
135.0000000000	138.0000000000	6.2963940518	-0.0994984676	0.0573680853	-0.0076316417	-0.0059200027	-0.0246998876	0.9996482517
135.0000000000	140.0000000000	10.0082310564	-0.3267600449	0.0520750115	-0.0113539757	0.0074926917	-0.0418040747	0.9990332157
136.0000000000	137.0000000000	1.8108939768	-0.0009153546	0.0044499412	-0.0010205792	-0.0003244068	-0.0072514542	0.9999731344
136.0000000000	138.0000000000	4.5107082056	-0.0520774724	0.0532510728	-0.0066452378	-0.0058610748	-0.0194786059	0.9997710100
136.0000000000	140.0000000000	8.2247131413	-0.2405064236	0.0470015477	-0.0104395143	0.0075483025	-0.0365726424	0.9992479580
137.0000000000	138.0000000000	2.7003060280	-0.0121004929	0.0469845673	-0.0055885311	-0.0055648961	-0.0122321202	0.9998940821
137.0000000000	140.0000000000	6.4166507415	-0.1466320987	0.0379948614	-0.0094860203	0.0078338774	-0.0293145750	0.9994945230
137.0000000000	142.0000000000	10.1022502090	-0.4322265557	0.0457974488	-0.0064907673	-0.0020497234	-0.0479659251	0.9988257799
138.0000000000	140.0000000000	3.7181824930	-0.0432425527	-0.0513606639	-0.0041582740	0.0134429244	-0.0169889656	0.9997566562
138.0000000000	142.0000000000	7.4095057849	-0.2384327312	-0.0873020449	-0.0011499674	0.0036975230	-0.0357184212	0.9993543917
138.0000000000	144.0000000000	11.1303249147	-0.5718340011	-0.1215591419	0.0016021418	0.0079567350	-0.0529366316	0.9985648885
140.0000000000	142.0000000000	3.6954704980	-0.0697767449	0.0622809360	0.0034232427	-0.0096086242	-0.0187318186	0.9997725115
140.0000000000	143.0000000000	5.5880921449	-0.1679644506	0.0943527963	0.0074353907	-0.0058971889	-0.0273158959	0.9995818025
140.0000000000	145.0000000000	9.2406050148	-0.4300162532	0.1620112700	0.0109176851	-0.0032777073	-0.0427960417	0.9990187984
142.0000000000	143.0000000000	1.8952420746	-0.0271210851	-0.0039034191	0.0038598843	0.0037545305	-0.0086369568	0.9999482025
142.0000000000	144.0000000000	3.7352808970	-0.0668622083	-0.0071304310	0.0026609588	0.0043774783	-0.0172202171	0.9998385975
142.0000000000	147.0000000000	9.9194273480	-0.4046340283	-0.0202098361	0.0056991559	0.0037187786	-0.0365617663	0.9993082245
143.0000000000	144.0000000000	1.8404211876	-0.0079227975	0.0107762127	-0.0011715946	0.0005798404	-0.0085906670	0.9999622451
143.0000000000	146.0000000000	6.3096279217	-0.1593434598	0.0363213927	0.0020806732	0.0046557815	-0.0236052410	0.9997083510
143.0000000000	148.0000000000	9.7432341364	-0.3315156145	0.0551015677	0.0010413153	0.0016870983	-0.0315030710	0.9995016888
144.0000000000	145.0000000000	1.8221236331	-0.0222794733	0.0181605438	0.0044802108	0.0020619643	-0.0069339567	0.9999637975
144.0000000000	146.0000000000	4.4711166336	-0.0746795494	0.0304644074	0.0032255381	0.0041214664	-0.0150095262	0.9998736538
144.0000000000	149.0000000000	9.5980381409	-0.2769038464	0.0634918761	0.0064503896	0.0067067950	-0.0258046881	0.9996236939
145.0000000000	146.0000000000	2.6493899096	-0.0154994836	0.0235336239	-0.0012518523	0.0020147352	-0.0080877178	0.9999644806
145.0000000000	148.0000000000	6.0865380439	-0.0807744434	0.0609353579	-0.0022237914	-0.0009954043	-0.0159805643	0.9998693342
145.0000000000	150.0000000000	9.4124998244	-0.2166050919	0.0865488337	0.0050605851	0.0024353979	-0.0216366630	0.9997501258
146.0000000000	147.0000000000	1.7214242747	0.0019349658	0.0262154810	-0.0000006714	-0.0047913116	-0.0043083816	0.9999792404
146.0000000000	150.0000000000	6.7651754646	-0.0918805824	0.0899045770	0.0063358402	0.0004890913	-0.0135369516	0.9998881782
146.0000000000	152.0000000000	10.7264403112	-0.1969282916	0.1550533423	0.0020870742	0.0012690056	-0.0203741644	0.9997894414
147.0000000000	148.0000000000	1.7163501536	0.0030703366	0.0084964924	-0.0009559743	0.0017793675	-0.0035862080	0.9999915295
147.0000000000	150.0000000000	5.0447456216	-0.0503505590	0.0153504945	0.0062694137	0.0053071602	-0.0092591277	0.9999233956
147.0000000000	151.0000000000	7.4248620868	-0.0945761147	0.0364018418	0.0051775764	-0.0039197371	-0.0131478875	0.9998924749
148.0000000000	149.0000000000	1.6931591473	-0.0114067736	0.0147246678	0.0041095371	0.0056427174	-0.0029009734	0.9999714275
148.0000000000	150.0000000000	3.3286476038	-0.0295718238	0.0186203528	0.0072227064	0.0035592185	-0.0056568865	0.9999515809
148.0000000000	154.0000000000	10.3335157731	-0.1320722955	0.0700176853	-0.0003363146	0.0049676721	-0.0178528482	0.9998282277
149.0000000000	150.0000000000	1.6354183130	-0.0085673245	0.0224624171	0.0031347566	-0.0020856220	-0.0027297637	0.9999891859
149.0000000000	151.0000000000	4.0153342844	-0.0216062527	0.0789421826	0.0021318408	-0.0113312169	-0.0065973678	0.9999117629
149.0000000000	155.0000000000	10.8311090596	-0.1293283811	0.1753881645	-0.0044805208	0.0008454791	-0.0191611903	0.9998060106
150.0000000000	151.0000000000	2.3801659891	0.0002783027	0.0465929132	-0.0009854893	-0.0092605194	-0.0038366981	0.9999492744
150.0000000000	154.0000000000	7.0050317081	-0.0221334345	0.1021652057	-0.0075223204	0.0012779765	-0.0122331477	0.9998960604
150.0000000000	155.0000000000	9.1967706312	-0.0697126750	0.1151665178	-0.0076568874	0.0028583914	-0.0164250513	0.9998316955
151.0000000000	152.0000000000	1.5824996093	0.0149317328	-0.0062150748	-0.0033352016	0.0099296419	-0.0029678127	0.9999407336
151.0000000000	154.0000000000	4.6251366206	0.0130551728	-0.0301031981	-0.0066547455	0.0105206637	-0.0083253101	0.9998878533
151.0000000000	156.0000000000	9.5757072598	-0.1015930130	-0.0818209781	-0.0063680328	0.0087400668	-0.0214884794	0.9997106104
152.0000000000	153.0000000000	1.5521706055	0.0247970855	0.0206225619	-0.0046160319	0.0039413764	-0.0028709903	0.9999774574
152.0000000000	155.0000000000	5.2346358004	-0.0015539249	0.0522866918	-0.0034108844	0.0021968497	-0.0095739019	0.9999459386
152.0000000000	157.0000000000	9.3317105147	-0.1236095411	0.0999397044	-0.0028448221	-0.0041366521	-0.0245351631	0.9996863612
153.0000000000	154.0000000000	1.4901521353	-0.0003006852	0.0276702255	0.0013674515	-0.0033262935	-0.0025273896	0.9999903390
153.0000000000	155.0000000000	3.6821926383	-0.0056308127	0.0605443506	0.0012364042	-0.0017099623	-0.0067061552	0.9999752871
153.0000000000	158.0000000000	9.1091739775	-0.1742807482	0.1762154410	0.0014679747	-0.0104666286	-0.0289084920	0.9995261847
154.0000000000	155.0000000000	2.1922100116	0.0058198223	0.0182899255	-0.0001490096	0.0016102212	-0.0041805385	0.9999899540
154.0000000000	157.0000000000	6.2903041980	-0.0724019343	0.0702018981	0.0004592883	-0.0046710512	-0.0191632594	0.9998053510
154.0000000000	160.0000000000	10.3439323854	-0.3009985263	0.1488268883	-0.0052417985	-0.0079911864	-0.0406908654	0.9991260771
155.0000000000	156.0000000000	2.7596873484	-0.0149559278	0.0420880341	0.0006160752	-0.0032948137	-0.0089912442	0.9999539600
155.0000000000	157.0000000000	4.0984168087	-0.0439719838	0.0650937379	0.0006586516	-0.0062761371	-0.0149832993	0.9998678298
155.0000000000	160.0000000000	8.1535407365	-0.2386935731	0.1567142848	-0.0049939277	-0.0096157698	-0.0365232029	0.9992740632
156.0000000000	157.0000000000	1.3391572995	-0.0049148754	0.0142025697	0.0000496887	-0.0029847789	-0.0059908574	0.9999775989
156.0000000000	159.0000000000	4.0238516052	-0.0668213347	0.0489428654	-0.0044922512	-0.0050482163	-0.0203561744	0.9997699542
156.0000000000	161.0000000000	6.7893358212	-0.2040797709	0.0992001393	-0.0087802545	-0.0096068846	-0.0355263149	0.9992839916
157.0000000000	158.0000000000	1.3319524472	-0.0116786009	0.0156696240	-0.0004133125	-0.0025184290	-0.0072082062	0.9999707638
157.0000000000	160.0000000000	4.0599678291	-0.0730280930	0.0408567631	-0.0057365915	-0.0034417995	-0.0215082764	0.9997462876
157.0000000000	163.0000000000	8.3311380255	-0.3495876762	0.1123018414	-0.0102112211	-0.0101371919	-0.0455065909	0.9988604099
158.0000000000	159.0000000000	1.3535677657	0.0014607998	-0.0037782243	-0.0041800086	0.0003992374	-0.0071341371	0.9999657355
158.0000000000	160.0000000000	2.7287083369	-0.0220305734	0.0114105084	-0.0053525701	-0.0009563680	-0.0142882438	0.9998831339
158.0000000000	163.0000000000	7.0037267212	-0.2370361452	0.0611297048	-0.0098396108	-0.0076761272	-0.0382837405	0.9991889783
159.0000000000	160.0000000000	1.3753247101	-0.0039993120	0.0161723343	-0.0011603381	-0.0013339871	-0.0071605845	0.9999727997
159.0000000000	162.0000000000	4.1932794421	-0.0771154171	0.0417441900	-0.0058254935	-0.0065011660	-0.0231075393	0.9996948735
159.0000000000	165.0000000000	8.7302417695	-0.3997555628	0.1004867783	-0.0047272316	-0.0027258108	-0.0465786220	0.9988997223
160.0000000000	161.0000000000	1.3939890366	-0.0009367204	0.0016667145	-0.0031001428	-0.0032582618	-0.0080149569	0.9999577658
160.0000000000	163.0000000000	4.2795075406	-0.0932408659	0.0398885053	-0.0044171674	-0.0066553101	-0.0240342876	0.9996792228
160.0000000000	165.0000000000	7.3600241787	-0.2905577337	0.0638885847	-0.0036106593	-0.0013730120	-0.0394215033	0.9992152036
161.0000000000	162.0000000000	1.4251846293	-0.0090949489	0.0068490313	-0.0015601874	-0.0019121423	-0.0079347810	0.9999654738
161.0000000000	163.0000000000	2.8868167389	-0.0462147164	0.0189824989	-0.0013428053	-0.0033587056	-0.0160271301	0.9998650144
161.0000000000	165.0000000000	5.9701903125	-0.1942096590	0.0218262464	-0.0006302456	0.0019760228	-0.0314036696	0.9995046311
162.0000000000	163.0000000000	1.4620716671	-0.0139485403	0.0064626166	0.0002132216	-0.0014323544	-0.0080955388	0.9999661820
162.0000000000	165.0000000000	4.5473904007	-0.1129833954	-0.0028758206	0.0008534597	0.0039311432	-0.0234674425	0.9997165082
163.0000000000	165.0000000000	3.0864797312	-0.0490756422	-0.0181470928	0.0005748329	0.0053648645	-0.0153754690	0.9998672326
163.0000000000	167.0000000000	6.3568032964	-0.1959111738	-0.0635712027	0.0040532294	0.0123488767	-0.0271089844	0.9995479876
165.0000000000	167.0000000000	3.2735901224	-0.0462391761	-0.0102007002	0.0034336840	0.0070315374	-0.0117222175	0.9999006735
218.0000000000	219.0000000000	1.4802474933	0.0175320062	0.0117777421	-0.0011390859	-0.0018631255	0.0021623948	0.9999952776
218.0000000000	220.0000000000	3.4608122580	0.0382009194	0.0246156053	-0.0020004402	-0.0014530812	0.0006745075	0.9999967159
218.0000000000	225.0000000000	8.9780656247	-0.0375212145	0.1039846127	0.0082573126	-0.0069578475	-0.0099012714	0.9998926792
219.0000000000	220.0000000000	1.9806703395	0.0120819575	0.0054946260	-0.0008632342	0.0004136016	-0.0014858123	0.9999984381
219.0000000000	221.0000000000	3.0020179573	0.0026185294	0.0122808174	0.0009185490	-0.0013577522	-0.0032980421	0.9999932178
219.0000000000	225.0000000000	7.4978030380	-0.0876590153	0.0641045926	0.0093627437	-0.0051014663	-0.0120866999	0.9998701044
220.0000000000	221.0000000000	1.0213652979	-0.0064409222	0.0076170709	0.0017851574	-0.0017671374	-0.0018130265	0.9999952017
220.0000000000	223.0000000000	3.1791151365	-0.0319533581	0.0133201867	0.0050017032	-0.0082634991	-0.0063532666	0.9999331645
220.0000000000	225.0000000000	5.5173546210	-0.0834515775	0.0630143104	0.0102384304	-0.0054906609	-0.0106015887	0.9998763091
221.0000000000	223.0000000000	2.1578354103	-0.0176809473	-0.0018458491	0.0032203963	-0.0064987131	-0.0045344194	0.9999634167
221.0000000000	225.0000000000	4.4964077705	-0.0605366733	0.0397522918	0.0084446645	-0.0037240794	-0.0087970303	0.9999187123
221.0000000000	226.0000000000	5.7344069133	-0.0823559265	0.0370146111	0.0091029181	-0.0040816995	-0.0105609263	0.9998944662
223.0000000000	225.0000000000	2.3392074478	-0.0214732440	0.0114040338	0.0051839379	0.0027842051	-0.0043055426	0.9999734183
223.0000000000	226.0000000000	3.5772138268	-0.0321339599	-0.0073208284	0.0058324064	0.0024237436	-0.0060726098	0.9999616152
223.0000000000	230.0000000000	9.6641720647	-0.1246767897	-0.0283970460	0.0017567549	0.0002693913	-0.0140155129	0.9999001983
225.0000000000	226.0000000000	1.2381383402	-0.0001575535	-0.0117739024	0.0006549843	-0.0003667893	-0.0017633972	0.9999981634
225.0000000000	228.0000000000	4.5109136602	-0.0149724242	-0.0107228551	-0.0000899404	-0.0022660207	-0.0063404967	0.9999773273
225.0000000000	235.0000000000	16.5937441600	-0.3115996075	0.1256528879	0.0073066038	-0.0043948563	-0.0144581379	0.9998591206
226.0000000000	227.0000000000	1.2822103735	-0.0132509858	0.0109560294	0.0029947146	0.0010304264	-0.0018129822	0.9999933415
226.0000000000	228.0000000000	3.2728061026	-0.0032706440	-0.0013375783	-0.0007432387	-0.0019035473	-0.0045756102	0.9999874439
226.0000000000	235.0000000000	15.3567003697	-0.2571020245	0.1265360691	0.0066541475	-0.0040246988	-0.0126947635	0.9998891774
227.0000000000	228.0000000000	1.9905682005	0.0171348966	-0.0082735449	-0.0037297469	-0.0029490000	-0.0027576869	0.9999848937
227.0000000000	230.0000000000	4.8054355999	0.0120144306	0.0080104283	-0.0070251474	-0.0032866751	-0.0061248340	0.9999511645
227.0000000000	235.0000000000	14.0750141060	-0.1920451610	0.1458841842	0.0036800940	-0.0050809363	-0.0108629883	0.9999213151
228.0000000000	229.0000000000	1.3943079102	0.0026738480	0.0015159138	-0.0008871578	-0.0003270830	-0.0015365631	0.9999983725
228.0000000000	231.0000000000	5.0045378584	-0.0054957562	0.0125384007	-0.0013713450	-0.0076871064	-0.0058894324	0.9999521701
228.0000000000	237.0000000000	16.2939816194	-0.1821516931	0.0970855204	0.0092201052	0.0008798934	-0.0043880099	0.9999474790
229.0000000000	230.0000000000	1.4205601387	0.0120423483	-0.0027256437	-0.0024179036	-0.0000093136	-0.0018213941	0.9999954181
229.0000000000	232.0000000000	5.1264138879	-0.0338380228	0.0326096377	0.0040308457	-0.0033999807	-0.0053711394	0.9999716712
229.0000000000	236.0000000000	13.1848696640	-0.1272329183	0.0825902644	0.0089498440	0.0003094104	-0.0046286482	0.9999491888
230.0000000000	231.0000000000	2.1897045868	-0.0012106591	0.0113160828	0.0019568358	-0.0073378828	-0.0025557418	0.9999678967
230.0000000000	232.0000000000	3.7059975215	-0.0325514935	0.0350784557	0.0064548045	-0.0033703209	-0.0035580330	0.9999671579
230.0000000000	235.0000000000	9.2720918419	-0.0919782945	0.0748574832	0.0106999232	-0.0016954206	-0.0047858997	0.9999298637
231.0000000000	232.0000000000	1.5166196979	-0.0235396869	0.0016134119	0.0044803312	0.0039769645	-0.0010430296	0.9999815111
231.0000000000	234.0000000000	5.4558530662	-0.0500636828	-0.0291099993	0.0079061234	0.0040461537	-0.0031520500	0.9999555922
231.0000000000	236.0000000000	9.5754482126	-0.0466653378	-0.0670374960	0.0093884311	0.0077071442	-0.0003350931	0.9999261698
232.0000000000	233.0000000000	1.5570659469	-0.0185498315	0.0046293819	0.0024049291	0.0011058123	-0.0011185618	0.9999958711
232.0000000000	235.0000000000	5.5665176616	-0.0195407685	0.0027651013	0.0042351234	0.0016818991	-0.0012530756	0.9999888323
232.0000000000	237.0000000000	9.7745222784	-0.0001893052	-0.0131175785	0.0060572201	0.0046675389	0.0024778726	0.9999676916
233.0000000000	234.0000000000	2.3823280145	0.0054333555	0.0014373551	0.0010314843	-0.0010435839	-0.0009734871	0.9999984496
233.0000000000	235.0000000000	4.0094378711	0.0079904855	0.0069857674	0.0018297085	0.0005778159	-0.0001338826	0.9999981502
233.0000000000	238.0000000000	10.8253549960	0.0579036874	-0.0193494881	0.0061087159	0.0043892801	0.0072192439	0.9999456487
234.0000000000	235.0000000000	1.6271100999	0.0057322605	0.0021439457	0.0007975218	0.0016230409	0.0008370971	0.9999980145
234.0000000000	236.0000000000	4.1196647909	0.0290295886	-0.0048454079	0.0014595382	0.0036878879	0.0027937916	0.9999882319
234.0000000000	238.0000000000	8.4428484365	0.0688434267	-0.0385331207	0.0050805400	0.0054461962	0.0081817616	0.9999387910
235.0000000000	236.0000000000	2.4925987949	0.0191209108	0.0010677684	0.0006605750	0.0020658646	0.0019561267	0.9999957347
235.0000000000	237.0000000000	4.2079716114	0.0298217544	-0.0019364492	0.0018121493	0.0030037269	0.0037213003	0.9999869227
235.0000000000	239.0000000000	8.5967578076	0.0935714621	-0.0260837511	0.0054405320	0.0039783027	0.0101286852	0.9999259890
236.0000000000	237.0000000000	1.7153996409	0.0039908296	0.0040738784	0.0011497639	0.0009367904	0.0017669432	0.9999973392
236.0000000000	238.0000000000	4.3234686446	0.0156079169	-0.0018800006	0.0036060740	0.0017562163	0.0053988332	0.9999773820
236.0000000000	240.0000000000	7.8999866078	0.0889767281	0.0012154216	0.0049985604	0.0012275554	0.0111613052	0.9999244635
237.0000000000	238.0000000000	2.6081020612	0.0023908918	-0.0010848964	0.0024543723	0.0008192785	0.0036332759	0.9999900520
237.0000000000	239.0000000000	4.3892089622	0.0310421727	0.0020462788	0.0036128263	0.0009728555	0.0064166624	0.9999724134
237.0000000000	241.0000000000	8.9108139947	0.1550242913	0.0109277800	0.0009806839	-0.0008608465	0.0132334157	0.9999115830
238.0000000000	239.0000000000	1.7812596851	0.0157308287	0.0059415989	0.0011567630	0.0001562120	0.0027839954	0.9999954434
238.0000000000	240.0000000000	3.5770700018	0.0348121303	0.0152684681	0.0013796721	-0.0005152941	0.0057669800	0.9999822863
238.0000000000	242.0000000000	8.1522739717	0.1568502480	0.0346115134	-0.0016183873	0.0004319228	0.0111528435	0.9999364022
239.0000000000	240.0000000000	1.7958866885	0.0091039347	0.0098550025	0.0002205883	-0.0006686717	0.0029838191	0.9999953005
239.0000000000	242.0000000000	6.3716954263	0.1057110512	0.0303738179	-0.0027756082	0.0002931236	0.0083682231	0.9999610907
239.0000000000	244.0000000000	11.0380141655	0.2245280828	0.0371627871	-0.0026795793	0.0021023704	0.0104860295	0.9999392197
240.0000000000	241.0000000000	2.7272084272	0.0406645488	0.0034710786	-0.0028716057	-0.0011139992	0.0038394219	0.9999878858
240.0000000000	243.0000000000	6.4543350948	0.1049653188	0.0098149791	-0.0021541092	0.0023532266	0.0066263702	0.9999729563
240.0000000000	247.0000000000	15.6637967033	0.3056611407	0.0186024158	-0.0061015486	0.0024823440	0.0084080876	0.9999429549
241.0000000000	242.0000000000	1.8493017608	0.0143911340	0.0068946154	-0.0001083869	0.0020818732	0.0015529807	0.9999966211
241.0000000000	243.0000000000	3.7275186298	0.0356641726	-0.0016721985	0.0007338604	0.0034564105	0.0027961295	0.9999898481
241.0000000000	247.0000000000	12.9382548784	0.1656387516	-0.0124520614	-0.0032111357	0.0035955306	0.0045827101	0.9999778795
242.0000000000	243.0000000000	1.8782932448	0.0154405178	-0.0007421564	0.0008417892	0.0013731042	0.0012450570	0.9999979279
242.0000000000	244.0000000000	4.6676485390	0.0406588465	0.0099687658	0.0001104829	0.0018025023	0.0021229537	0.9999961159
242.0000000000	247.0000000000	11.0893536555	0.1168058456	0.0268554020	-0.0031066973	0.0015181815	0.0030234518	0.9999894511
243.0000000000	244.0000000000	2.7893676187	0.0182982685	0.0183356371	-0.0007319743	0.0004310497	0.0008765315	0.9999992551
243.0000000000	246.0000000000	6.4685400180	0.0580096180	0.0368802836	-0.0033020444	0.0004837827	0.0014191214	0.9999934243
243.0000000000	249.0000000000	13.7486656404	0.1088879673	0.0737494452	-0.0011083301	0.0002238743	0.0027771019	0.9999955046
244.0000000000	245.0000000000	1.8536404099	0.0201456343	0.0111282210	-0.0021328537	0.0006667573	0.0004099035	0.9999974192
244.0000000000	248.0000000000	9.1436210974	0.0661289211	0.0559979250	-0.0030696487	-0.0010383135	0.0010778063	0.9999941687
244.0000000000	249.0000000000	10.9593907414	0.0712864307	0.0649755884	-0.0003773585	-0.0002082355	0.0019002586	0.9999981016
245.0000000000	246.0000000000	1.8255731782	0.0115378309	0.0131271931	-0.0004377443	-0.0006122658	0.0001300241	0.9999997083
245.0000000000	247.0000000000	4.5682026077	0.0248604634	0.0351017107	-0.0010872546	-0.0009447198	0.0004820990	0.9999988465
245.0000000000	249.0000000000	9.1057064175	0.0434184091	0.0661925991	0.0017541403	-0.0008788898	0.0014896553	0.9999969657
246.0000000000	247.0000000000	2.7426601546	0.0125912299	0.0186265379	-0.0006493380	-0.0003325240	0.0003523271	0.9999996718
246.0000000000	249.0000000000	7.2802074455	0.0299437311	0.0441753683	0.0021926799	-0.0002675053	0.0013581733	0.9999966380
246.0000000000	251.0000000000	10.8720701951	0.0443472653	0.0674735868	0.0096776165	-0.0041571966	0.0057504070	0.9999279945
247.0000000000	248.0000000000	2.7217910074	0.0122713347	0.0145592181	0.0001491135	-0.0007616544	0.0001805741	0.9999996825
247.0000000000	250.0000000000	6.3376560099	0.0174702124	0.0321502985	0.0060198219	0.0007064099	0.0026209494	0.9999781964
247.0000000000	252.0000000000	10.8198060984	0.0615346284	0.0768894989	0.0130559118	-0.0048135840	0.0099399479	0.9998537743
248.0000000000	249.0000000000	1.8157908838	0.0011991536	0.0052268338	0.0026940366	0.0008246505	0.0008221961	0.9999956930
248.0000000000	251.0000000000	5.4077063960	0.0117510417	0.0206799409	0.0101816651	-0.0030713000	0.0052043269	0.9999299054
248.0000000000	252.0000000000	8.0981160711	0.0463537213	0.0499831126	0.0129135162	-0.0040529110	0.0097501677	0.9998608649
249.0000000000	250.0000000000	1.8000869366	-0.0002180394	0.0098180640	0.0031780266	0.0006444458	0.0016143886	0.9999934393
249.0000000000	252.0000000000	6.2823128218	0.0350909972	0.0549006037	0.0102084231	-0.0048617809	0.0089496166	0.9998960224
249.0000000000	253.0000000000	9.8980426750	0.1532747333	0.0962610066	0.0086358361	-0.0000346776	0.0172351456	0.9998141682
250.0000000000	251.0000000000	1.7918023676	-0.0007427184	0.0138134693	0.0042939067	-0.0045327206	0.0028016773	0.9999765834
250.0000000000	252.0000000000	4.4822524780	0.0211422852	0.0506802354	0.0070170457	-0.0054941673	0.0073573638	0.9999332200
250.0000000000	254.0000000000	10.7817669835	0.2504453672	0.1128728122	0.0036505300	0.0002535030	0.0239424483	0.9997066412
251.0000000000	252.0000000000	2.6907553498	0.0070197573	0.0123512617	0.0027412178	-0.0009496879	0.0045474870	0.9999854520
251.0000000000	253.0000000000	6.3075924765	0.0937851629	0.0240416272	0.0012227763	0.0039457806	0.0128030048	0.9999095053
251.0000000000	254.0000000000	8.9917560298	0.2013008487	0.0156106488	-0.0005329684	0.0048774662	0.0211234022	0.9997648364
252.0000000000	253.0000000000	3.6174919695	0.0539114996	0.0044332015	-0.0014881099	0.0049248616	0.0082437655	0.9999527847
252.0000000000	254.0000000000	6.3025005783	0.1369492765	-0.0096200721	-0.0032312918	0.0058871902	0.0165638143	0.9998402571
252.0000000000	258.0000000000	14.4237845614	0.8039711415	-0.0493360318	-0.0074617628	0.0052801057	0.0559149101	0.9983936926
253.0000000000	254.0000000000	2.6860194469	0.0387596225	0.0125820194	-0.0017763102	0.0009648253	0.0083134308	0.9999633997
253.0000000000	256.0000000000	6.2988222133	0.1966620087	0.0297380597	-0.0040246618	-0.0004314062	0.0256192933	0.9996635773
253.0000000000	258.0000000000	10.8171832933	0.5717876840	0.0547006415	-0.0062075442	0.0003412045	0.0476528494	0.9988446105
254.0000000000	255.0000000000	1.8046850433	0.0342904690	0.0111032057	-0.0013103034	-0.0008349841	0.0077939660	0.9999684195
254.0000000000	257.0000000000	6.3344245091	0.2508947402	0.0454521161	-0.0036721785	-0.0011302443	0.0318506840	0.9994852533
254.0000000000	260.0000000000	12.6941932476	0.8516981252	0.0892291592	-0.0055001222	-0.0005387672	0.0517381804	0.9986453921
255.0000000000	256.0000000000	1.8109915430	0.0351945282	0.0105838359	-0.0009634509	-0.0005779612	0.0095098116	0.9999541496
255.0000000000	258.0000000000	6.3390824028	0.2644046905	0.0386007023	-0.0031390248	0.0001621322	0.0315556765	0.9994970533
255.0000000000	260.0000000000	10.9010422051	0.6473808529	0.0618451204	-0.0041524105	0.0002701719	0.0439570181	0.9990247570
256.0000000000	257.0000000000	2.7232547507	0.0588817106	0.0136874003	-0.0013703977	0.0002681524	0.0145542296	0.9998931065
256.0000000000	258.0000000000	4.5316596437	0.1429993149	0.0231394475	-0.0021561356	0.0007392493	0.0220511715	0.9997542450
256.0000000000	261.0000000000	10.9411146489	0.5874071978	0.0487816294	-0.0029914809	0.0009230792	0.0393375451	0.9992210749
257.0000000000	258.0000000000	1.8100821785	0.0314202360	0.0105810819	-0.0007809973	0.0004722479	0.0074985938	0.9999714687
257.0000000000	259.0000000000	3.6320389050	0.0862800288	0.0215723252	-0.0015588084	0.0003145561	0.0130400708	0.9999137101
257.0000000000	260.0000000000	6.3851971971	0.1943757189	0.0322848559	-0.0017887717	0.0005754132	0.0199082400	0.9998000456
258.0000000000	259.0000000000	1.8225629141	0.0275121964	0.0127763991	-0.0007816334	-0.0001561574	0.0055412621	0.9999843294
258.0000000000	260.0000000000	4.5770207183	0.0942892485	0.0262260113	-0.0010129670	0.0001011092	0.0124101803	0.9999224725
258.0000000000	262.0000000000	8.2749992424	0.2504487620	0.0422297695	-0.0010641654	0.0016716442	0.0218466880	0.9997593687
259.0000000000	260.0000000000	2.7550327271	0.0362262776	0.0126702176	-0.0002288814	0.0002531642	0.0068693905	0.9999763472
259.0000000000	261.0000000000	4.6014135962	0.0827024182	0.0223933338	-0.0000598762	0.0003126222	0.0117532265	0.9999308778
259.0000000000	262.0000000000	6.4545195641	0.1513691066	0.0277315164	-0.0002700313	0.0018165531	0.0163078930	0.9998653309
260.0000000000	261.0000000000	1.8468392767	0.0211012378	0.0106740396	0.0001681620	0.0000571915	0.0048840907	0.9999880570
260.0000000000	262.0000000000	3.7007101148	0.0643005291	0.0169767554	-0.0000328262	0.0015615049	0.0094393898	0.9999542282
260.0000000000	263.0000000000	6.4605832936	0.1535497545	0.0211873647	0.0001461480	0.0047217383	0.0164037137	0.9998542904
261.0000000000	262.0000000000	1.8542042064	0.0250901312	0.0065034859	-0.0001938938	0.0015060450	0.0045551475	0.9999884724
261.0000000000	263.0000000000	4.6148178464	0.0873771819	0.0110046032	0.0000001317	0.0046665446	0.0115193575	0.9999227609
261.0000000000	266.0000000000	9.9833777729	0.3324489921	0.0141092320	-0.0044278506	0.0059113159	0.0241449864	0.9996811842
262.0000000000	263.0000000000	2.7610419623	0.0371308776	0.0128366631	0.0001979183	0.0031583282	0.0069653331	0.9999707345
262.0000000000	265.0000000000	6.3436227217	0.1500907118	0.0304820646	-0.0019670035	0.0004412020	0.0164109612	0.9998632990
262.0000000000	267.0000000000	10.7487169211	0.3779077764	0.0334812240	-0.0085067561	0.0001409720	0.0213510271	0.9997358395
263.0000000000	264.0000000000	1.8030341800	0.0229772385	0.0197495189	-0.0005957939	-0.0013731265	0.0044776331	0.9999888551
263.0000000000	265.0000000000	3.5836211862	0.0630554059	0.0402445333	-0.0022135966	-0.0026997567	0.0094397986	0.9999493495
263.0000000000	268.0000000000	10.5911722099	0.3364835766	0.0943845976	-0.0121277856	0.0017868223	0.0152223866	0.9998089833
264.0000000000	265.0000000000	1.7809244217	0.0241088808	0.0156424773	-0.0016169346	-0.0013223832	0.0049637185	0.9999854991
264.0000000000	266.0000000000	3.5702996211	0.0663496708	0.0237769820	-0.0038533090	0.0026823114	0.0081363146	0.9999558778
264.0000000000	268.0000000000	8.7907669426	0.2347166221	0.0508217847	-0.0115030644	0.0032048992	0.0107631559	0.9998707730
265.0000000000	266.0000000000	1.7897226575	0.0244566295	0.0035098471	-0.0022123157	0.0040105684	0.0031821294	0.9999844474
265.0000000000	267.0000000000	4.4101928545	0.0831103833	0.0075012291	-0.0065462134	-0.0002025281	0.0049380051	0.9999663605
265.0000000000	268.0000000000	7.0116606183	0.1409254338	0.0172076392	-0.0098560303	0.0045667596	0.0058203180	0.9999240608
266.0000000000	267.0000000000	2.6206721693	0.0419118223	0.0252326487	-0.0043543179	-0.0042030523	0.0017292027	0.9999801919
266.0000000000	268.0000000000	5.2222916604	0.0830810913	0.0560242129	-0.0076525393	0.0005749123	0.0026089123	0.9999671503
266.0000000000	269.0000000000	6.9298281182	0.1049406046	0.0719013554	-0.0082004050	0.0022536903	0.0022594474	0.9999612838
267.0000000000	268.0000000000	2.6019129603	0.0319959722	0.0092389193	-0.0032862521	0.0047796843	0.0009143825	0.9999827594
267.0000000000	269.0000000000	4.3095876424	0.0478727372	0.0109257307	-0.0038326979	0.0064608729	0.0005745466	0.9999716183
267.0000000000	270.0000000000	6.8400986694	0.0540066017	-0.0087287365	-0.0010937289	0.0064658290	-0.0003447216	0.9999784388
268.0000000000	269.0000000000	1.7076076359	0.0126886033	0.0181053067	-0.0005433113	0.0016828306	-0.0003369064	0.9999983797
268.0000000000	270.0000000000	4.2381999554	0.0142439266	0.0226675440	0.0022000304	0.0016882679	-0.0012430572	0.9999953822
268.0000000000	271.0000000000	5.9273237498	0.0198898682	0.0344151989	0.0029661596	0.0016729929	-0.0014037621	0.9999932162
269.0000000000	270.0000000000	2.5305608827	0.0032511050	0.0130820592	0.0027448587	0.0000068577	-0.0009015307	0.9999958265
269.0000000000	271.0000000000	4.2196312950	0.0100194769	0.0305214864	0.0035112609	-0.0000080677	-0.0010609552	0.9999932727
269.0000000000	272.0000000000	5.8875935353	0.0106614898	0.0519986287	0.0048016665	-0.0049171149	-0.0014814854	0.9999752853
270.0000000000	271.0000000000	1.6890538145	0.0099093789	0.0174169371	0.0007664206	-0.0000146722	-0.0001593797	0.9999996935
270.0000000000	272.0000000000	3.3570104794	0.0136766055	0.0389049702	0.0020612984	-0.0049236869	-0.0005664418	0.9999855936
270.0000000000	273.0000000000	5.9196736735	0.0210513826	0.0566838756	0.0014437771	-0.0023558321	-0.0010205367	0.9999956620
271.0000000000	272.0000000000	1.6679570886	0.0043321608	0.0214325101	0.0012956652	-0.0049091207	-0.0004033209	0.9999870295
271.0000000000	273.0000000000	4.2306199885	0.0125515525	0.0391236845	0.0006777202	-0.0023417121	-0.0008593729	0.9999966593
271.0000000000	274.0000000000	5.9666969217	0.0162783509	0.0573992426	0.0013635414	-0.0046888168	-0.0010962977	0.9999874769
272.0000000000	273.0000000000	2.5627053001	0.0102999305	-0.0074931053	-0.0006212237	0.0025665830	-0.0004563364	0.9999964092
272.0000000000	274.0000000000	4.2988742247	0.0154525252	-0.0062742094	0.0000643835	0.0002194333	-0.0006935856	0.9999997333
272.0000000000	276.0000000000	8.7731173598	0.0143399202	-0.0082779472	0.0046699895	0.0007277295	-0.0000650257	0.9999888286
273.0000000000	274.0000000000	1.7361332982	0.0067298215	0.0101376122	0.0006872871	-0.0023466890	-0.0002369469	0.9999969823
273.0000000000	276.0000000000	6.2103242125	0.0096882757	0.0311003359	0.0052910257	-0.0018366545	0.0004037441	0.9999842342
274.0000000000	276.0000000000	4.4742403359	0.0050923291	-0.0000423112	0.0046051160	0.0005115338	0.0006295313	0.9999890674
